"Datum";"Jahr";"Monat";"Tag";"Laborbestätigte Fälle (Meldedatum)";"Laborbestätigte Fälle (kumuliert)";"Laborbestätigte Fälle (übermittelt)";"Einweisung Krankenhaus";"Einweisung Krankenhaus (kumuliert)";"Sterbefälle";"Sterbefälle (kumuliert)";"Genesene (geschätzt)";"Genesene (geschätzt, kumuliert)"
"2020-03-07";"2020";"03";"07";2;2;2;0;0;0;0;0;0
"2020-03-08";"2020";"03";"08";0;2;2;0;0;0;0;0;0
"2020-03-09";"2020";"03";"09";1;3;3;0;0;0;0;0;0
"2020-03-10";"2020";"03";"10";2;5;5;0;0;0;0;0;0
"2020-03-11";"2020";"03";"11";4;9;9;0;0;0;0;0;0
"2020-03-12";"2020";"03";"12";6;15;15;0;0;0;0;0;0
"2020-03-13";"2020";"03";"13";7;22;22;0;0;0;0;0;0
"2020-03-14";"2020";"03";"14";11;33;33;0;0;0;0;0;0
"2020-03-15";"2020";"03";"15";4;37;37;0;0;0;0;0;0
"2020-03-16";"2020";"03";"16";5;42;42;0;0;0;0;0;0
"2020-03-17";"2020";"03";"17";17;59;59;1;1;0;0;0;0
"2020-03-18";"2020";"03";"18";16;75;75;2;3;0;0;0;0
"2020-03-19";"2020";"03";"19";28;103;103;1;4;0;0;0;0
"2020-03-20";"2020";"03";"20";21;124;124;1;5;0;0;0;0
"2020-03-21";"2020";"03";"21";35;159;159;0;5;0;0;2;2
"2020-03-22";"2020";"03";"22";0;159;159;1;6;0;0;0;2
"2020-03-23";"2020";"03";"23";17;176;176;3;9;1;1;0;2
"2020-03-24";"2020";"03";"24";41;217;217;4;13;1;2;1;3
"2020-03-25";"2020";"03";"25";13;230;230;3;16;0;2;4;7
"2020-03-26";"2020";"03";"26";34;264;264;3;19;0;2;6;13
"2020-03-27";"2020";"03";"27";36;300;300;7;26;0;2;7;20
"2020-03-28";"2020";"03";"28";24;324;324;1;27;1;3;11;31
"2020-03-29";"2020";"03";"29";9;333;333;2;29;0;3;4;35
"2020-03-30";"2020";"03";"30";18;351;351;6;35;1;4;4;39
"2020-03-31";"2020";"03";"31";19;370;370;1;36;0;4;16;55
"2020-04-01";"2020";"04";"01";21;391;391;2;38;0;4;13;68
"2020-04-02";"2020";"04";"02";10;401;401;1;39;0;4;27;95
"2020-04-03";"2020";"04";"03";26;427;427;7;46;0;4;20;115
"2020-04-04";"2020";"04";"04";20;447;447;2;48;1;5;34;149
"2020-04-05";"2020";"04";"05";4;451;451;1;49;0;5;-1;148
"2020-04-06";"2020";"04";"06";4;455;455;3;52;0;5;14;162
"2020-04-07";"2020";"04";"07";9;464;464;1;53;0;5;36;198
"2020-04-08";"2020";"04";"08";9;473;473;0;53;0;5;10;208
"2020-04-09";"2020";"04";"09";7;480;480;1;54;0;5;31;239
"2020-04-10";"2020";"04";"10";0;480;480;0;54;0;5;29;268
"2020-04-11";"2020";"04";"11";4;484;484;0;54;0;5;23;291
"2020-04-12";"2020";"04";"12";4;488;488;0;54;0;5;7;298
"2020-04-13";"2020";"04";"13";1;489;489;0;54;0;5;11;309
"2020-04-14";"2020";"04";"14";5;494;494;1;55;0;5;18;327
"2020-04-15";"2020";"04";"15";8;502;502;3;58;1;6;18;345
"2020-04-16";"2020";"04";"16";2;504;504;2;60;0;6;10;355
"2020-04-17";"2020";"04";"17";17;521;521;1;61;0;6;20;375
"2020-04-18";"2020";"04";"18";0;521;521;0;61;1;7;19;394
"2020-04-19";"2020";"04";"19";1;522;522;0;61;0;7;3;397
"2020-04-20";"2020";"04";"20";3;525;525;0;61;0;7;1;398
"2020-04-21";"2020";"04";"21";8;533;533;1;62;0;7;9;407
"2020-04-22";"2020";"04";"22";4;537;537;1;63;0;7;12;419
"2020-04-23";"2020";"04";"23";1;538;538;0;63;0;7;11;430
"2020-04-24";"2020";"04";"24";6;544;544;0;63;0;7;3;433
"2020-04-25";"2020";"04";"25";3;547;547;0;63;0;7;7;440
"2020-04-26";"2020";"04";"26";5;552;552;0;63;0;7;11;451
"2020-04-27";"2020";"04";"27";0;552;552;0;63;1;8;2;453
"2020-04-28";"2020";"04";"28";4;556;556;2;65;0;8;6;459
"2020-04-29";"2020";"04";"29";6;562;562;2;67;0;8;13;472
"2020-04-30";"2020";"04";"30";3;565;565;1;68;0;8;0;472
"2020-05-01";"2020";"05";"01";1;566;566;0;68;0;8;19;491
"2020-05-02";"2020";"05";"02";1;567;567;0;68;1;9;1;492
"2020-05-03";"2020";"05";"03";1;568;568;0;68;0;9;8;500
"2020-05-04";"2020";"05";"04";0;568;568;0;68;0;9;5;505
"2020-05-05";"2020";"05";"05";8;576;576;0;68;0;9;9;514
"2020-05-06";"2020";"05";"06";6;582;582;0;68;1;10;5;519
"2020-05-07";"2020";"05";"07";3;585;585;0;68;0;10;1;520
"2020-05-08";"2020";"05";"08";5;590;590;0;68;0;10;6;526
"2020-05-09";"2020";"05";"09";3;593;593;0;68;0;10;4;530
"2020-05-10";"2020";"05";"10";0;593;593;0;68;0;10;5;535
"2020-05-11";"2020";"05";"11";1;594;594;0;68;0;10;0;535
"2020-05-12";"2020";"05";"12";1;595;595;0;68;0;10;2;537
"2020-05-13";"2020";"05";"13";3;598;598;1;69;0;10;4;541
"2020-05-14";"2020";"05";"14";6;604;604;2;71;0;10;3;544
"2020-05-15";"2020";"05";"15";3;607;607;1;72;1;11;3;547
"2020-05-16";"2020";"05";"16";0;607;607;0;72;0;11;3;550
"2020-05-17";"2020";"05";"17";0;607;607;0;72;0;11;2;552
"2020-05-18";"2020";"05";"18";4;611;611;1;73;0;11;0;552
"2020-05-19";"2020";"05";"19";4;615;615;0;73;0;11;8;560
"2020-05-20";"2020";"05";"20";1;616;616;0;73;0;11;6;566
"2020-05-21";"2020";"05";"21";4;620;620;1;74;0;11;3;569
"2020-05-22";"2020";"05";"22";0;620;620;0;74;0;11;6;575
"2020-05-23";"2020";"05";"23";0;620;620;0;74;0;11;3;578
"2020-05-24";"2020";"05";"24";0;620;620;0;74;0;11;0;578
"2020-05-25";"2020";"05";"25";0;620;620;0;74;0;11;0;578
"2020-05-26";"2020";"05";"26";2;622;622;0;74;0;11;1;579
"2020-05-27";"2020";"05";"27";1;623;623;0;74;0;11;2;581
"2020-05-28";"2020";"05";"28";2;625;625;0;74;0;11;6;587
"2020-05-29";"2020";"05";"29";0;625;625;0;74;0;11;4;591
"2020-05-30";"2020";"05";"30";0;625;625;0;74;0;11;1;592
"2020-05-31";"2020";"05";"31";0;625;625;0;74;0;11;0;592
"2020-06-01";"2020";"06";"01";0;625;625;0;74;0;11;3;595
"2020-06-02";"2020";"06";"02";0;625;625;0;74;0;11;4;599
"2020-06-03";"2020";"06";"03";0;625;625;0;74;0;11;1;600
"2020-06-04";"2020";"06";"04";0;625;625;0;74;0;11;3;603
"2020-06-05";"2020";"06";"05";0;625;625;0;74;0;11;0;603
"2020-06-06";"2020";"06";"06";2;627;627;0;74;0;11;0;603
"2020-06-07";"2020";"06";"07";0;627;627;0;74;0;11;0;603
"2020-06-08";"2020";"06";"08";0;627;627;0;74;0;11;0;603
"2020-06-09";"2020";"06";"09";0;627;627;0;74;0;11;2;605
"2020-06-10";"2020";"06";"10";0;627;627;0;74;0;11;1;606
"2020-06-11";"2020";"06";"11";0;627;627;0;74;0;11;2;608
"2020-06-12";"2020";"06";"12";1;628;628;0;74;0;11;1;609
"2020-06-13";"2020";"06";"13";0;628;628;0;74;0;11;2;611
"2020-06-14";"2020";"06";"14";0;628;628;0;74;0;11;1;612
"2020-06-15";"2020";"06";"15";0;628;628;0;74;0;11;0;612
"2020-06-16";"2020";"06";"16";0;628;628;0;74;0;11;0;612
"2020-06-17";"2020";"06";"17";0;628;628;0;74;0;11;1;613
"2020-06-18";"2020";"06";"18";0;628;628;0;74;0;11;0;613
"2020-06-19";"2020";"06";"19";0;628;628;0;74;0;11;0;613
"2020-06-20";"2020";"06";"20";0;628;628;0;74;0;11;3;616
"2020-06-21";"2020";"06";"21";0;628;628;0;74;0;11;0;616
"2020-06-22";"2020";"06";"22";0;628;628;0;74;0;11;0;616
"2020-06-23";"2020";"06";"23";2;630;630;2;76;0;11;0;616
"2020-06-24";"2020";"06";"24";0;630;630;0;76;0;11;0;616
"2020-06-25";"2020";"06";"25";0;630;630;0;76;0;11;0;616
"2020-06-26";"2020";"06";"26";0;630;630;0;76;0;11;1;617
"2020-06-27";"2020";"06";"27";0;630;630;0;76;0;11;0;617
"2020-06-28";"2020";"06";"28";0;630;630;0;76;0;11;0;617
"2020-06-29";"2020";"06";"29";0;630;630;0;76;0;11;0;617
"2020-06-30";"2020";"06";"30";0;630;630;0;76;0;11;0;617
"2020-07-01";"2020";"07";"01";0;630;630;0;76;0;11;0;617
"2020-07-02";"2020";"07";"02";0;630;630;0;76;0;11;0;617
"2020-07-03";"2020";"07";"03";0;630;630;0;76;0;11;0;617
"2020-07-04";"2020";"07";"04";0;630;630;0;76;0;11;0;617
"2020-07-05";"2020";"07";"05";0;630;630;0;76;0;11;0;617
"2020-07-06";"2020";"07";"06";0;630;630;0;76;0;11;0;617
"2020-07-07";"2020";"07";"07";0;630;630;0;76;0;11;0;617
"2020-07-08";"2020";"07";"08";1;631;631;0;76;0;11;0;617
"2020-07-09";"2020";"07";"09";0;631;631;0;76;0;11;0;617
"2020-07-10";"2020";"07";"10";0;631;631;0;76;0;11;0;617
"2020-07-11";"2020";"07";"11";0;631;631;0;76;0;11;0;617
"2020-07-12";"2020";"07";"12";0;631;631;0;76;0;11;0;617
"2020-07-13";"2020";"07";"13";1;632;632;0;76;0;11;0;617
"2020-07-14";"2020";"07";"14";0;632;632;0;76;0;11;0;617
"2020-07-15";"2020";"07";"15";0;632;632;0;76;0;11;0;617
"2020-07-16";"2020";"07";"16";1;633;633;2;78;0;11;0;617
"2020-07-17";"2020";"07";"17";1;634;634;0;78;0;11;0;617
"2020-07-18";"2020";"07";"18";0;634;634;0;78;0;11;0;617
"2020-07-19";"2020";"07";"19";1;635;635;0;78;0;11;0;617
"2020-07-20";"2020";"07";"20";1;636;636;0;78;0;11;0;617
"2020-07-21";"2020";"07";"21";3;639;639;0;78;0;11;0;617
"2020-07-22";"2020";"07";"22";1;640;640;0;78;0;11;1;618
"2020-07-23";"2020";"07";"23";0;640;640;0;78;0;11;2;620
"2020-07-24";"2020";"07";"24";0;640;640;0;78;0;11;0;620
"2020-07-25";"2020";"07";"25";0;640;640;0;78;0;11;0;620
"2020-07-26";"2020";"07";"26";0;640;640;0;78;0;11;0;620
"2020-07-27";"2020";"07";"27";1;641;641;0;78;0;11;1;621
"2020-07-28";"2020";"07";"28";1;642;642;0;78;0;11;0;621
"2020-07-29";"2020";"07";"29";0;642;642;0;78;0;11;0;621
"2020-07-30";"2020";"07";"30";0;642;642;0;78;0;11;0;621
"2020-07-31";"2020";"07";"31";1;643;643;0;78;0;11;1;622
"2020-08-01";"2020";"08";"01";0;643;643;0;78;0;11;0;622
"2020-08-02";"2020";"08";"02";0;643;643;0;78;0;11;1;623
"2020-08-03";"2020";"08";"03";0;643;643;0;78;0;11;1;624
"2020-08-04";"2020";"08";"04";2;645;645;0;78;0;11;3;627
"2020-08-05";"2020";"08";"05";0;645;645;0;78;0;11;1;628
"2020-08-06";"2020";"08";"06";1;646;646;0;78;0;11;0;628
"2020-08-07";"2020";"08";"07";1;647;647;0;78;0;11;0;628
"2020-08-08";"2020";"08";"08";0;647;647;0;78;0;11;0;628
"2020-08-09";"2020";"08";"09";0;647;647;0;78;0;11;0;628
"2020-08-10";"2020";"08";"10";0;647;647;0;78;0;11;1;629
"2020-08-11";"2020";"08";"11";4;651;651;0;78;0;11;1;630
"2020-08-12";"2020";"08";"12";7;658;658;0;78;0;11;0;630
"2020-08-13";"2020";"08";"13";0;658;658;0;78;0;11;0;630
"2020-08-14";"2020";"08";"14";1;659;659;0;78;0;11;1;631
"2020-08-15";"2020";"08";"15";0;659;659;0;78;0;11;1;632
"2020-08-16";"2020";"08";"16";1;660;660;0;78;0;11;0;632
"2020-08-17";"2020";"08";"17";1;661;661;0;78;0;11;0;632
"2020-08-18";"2020";"08";"18";0;661;661;0;78;0;11;2;634
"2020-08-19";"2020";"08";"19";3;664;664;0;78;0;11;0;634
"2020-08-20";"2020";"08";"20";4;668;668;0;78;0;11;1;635
"2020-08-21";"2020";"08";"21";3;671;671;0;78;0;11;1;636
"2020-08-22";"2020";"08";"22";3;674;674;0;78;0;11;0;636
"2020-08-23";"2020";"08";"23";3;677;677;0;78;0;11;0;636
"2020-08-24";"2020";"08";"24";2;679;679;0;78;0;11;0;636
"2020-08-25";"2020";"08";"25";3;682;682;0;78;0;11;4;640
"2020-08-26";"2020";"08";"26";6;688;688;0;78;0;11;7;647
"2020-08-27";"2020";"08";"27";7;695;695;0;78;0;11;0;647
"2020-08-28";"2020";"08";"28";0;695;695;0;78;0;11;1;648
"2020-08-29";"2020";"08";"29";1;696;696;0;78;0;11;0;648
"2020-08-30";"2020";"08";"30";2;698;698;0;78;0;11;1;649
"2020-08-31";"2020";"08";"31";6;704;704;0;78;0;11;1;650
"2020-09-01";"2020";"09";"01";3;707;707;0;78;0;11;0;650
"2020-09-02";"2020";"09";"02";5;712;712;0;78;0;11;3;653
"2020-09-03";"2020";"09";"03";5;717;717;0;78;0;11;4;657
"2020-09-04";"2020";"09";"04";7;724;724;1;79;0;11;3;660
"2020-09-05";"2020";"09";"05";4;728;728;0;79;0;11;3;663
"2020-09-06";"2020";"09";"06";2;730;730;1;80;0;11;3;666
"2020-09-07";"2020";"09";"07";5;735;735;0;80;0;11;2;668
"2020-09-08";"2020";"09";"08";7;742;742;0;80;0;11;3;671
"2020-09-09";"2020";"09";"09";4;746;746;0;80;0;11;6;677
"2020-09-10";"2020";"09";"10";6;752;752;1;81;0;11;7;684
"2020-09-11";"2020";"09";"11";6;758;758;0;81;0;11;0;684
"2020-09-12";"2020";"09";"12";3;761;761;0;81;0;11;1;685
"2020-09-13";"2020";"09";"13";2;763;763;0;81;0;11;2;687
"2020-09-14";"2020";"09";"14";9;772;772;0;81;0;11;6;693
"2020-09-15";"2020";"09";"15";5;777;777;0;81;0;11;3;696
"2020-09-16";"2020";"09";"16";2;779;779;1;82;0;11;5;701
"2020-09-17";"2020";"09";"17";4;783;783;0;82;0;11;5;706
"2020-09-18";"2020";"09";"18";9;792;792;0;82;0;11;6;712
"2020-09-19";"2020";"09";"19";1;793;793;0;82;0;11;4;716
"2020-09-20";"2020";"09";"20";0;793;793;0;82;0;11;1;717
"2020-09-21";"2020";"09";"21";16;809;809;1;83;0;11;5;722
"2020-09-22";"2020";"09";"22";4;813;813;1;84;0;11;7;729
"2020-09-23";"2020";"09";"23";10;823;823;0;84;0;11;4;733
"2020-09-24";"2020";"09";"24";12;835;835;2;86;0;11;5;738
"2020-09-25";"2020";"09";"25";9;844;844;1;87;0;11;6;744
"2020-09-26";"2020";"09";"26";1;845;845;2;89;0;11;3;747
"2020-09-27";"2020";"09";"27";1;846;846;0;89;0;11;2;749
"2020-09-28";"2020";"09";"28";14;860;860;2;91;0;11;9;758
"2020-09-29";"2020";"09";"29";8;868;868;1;92;2;13;3;761
"2020-09-30";"2020";"09";"30";10;878;878;0;92;0;13;-1;760
"2020-10-01";"2020";"10";"01";13;891;891;0;92;0;13;4;764
"2020-10-02";"2020";"10";"02";13;904;904;2;94;0;13;9;773
"2020-10-03";"2020";"10";"03";16;920;920;1;95;0;13;1;774
"2020-10-04";"2020";"10";"04";6;926;926;1;96;0;13;1;775
"2020-10-05";"2020";"10";"05";25;951;951;2;98;0;13;15;790
"2020-10-06";"2020";"10";"06";41;992;992;0;98;0;13;4;794
"2020-10-07";"2020";"10";"07";16;1008;1008;1;99;0;13;10;804
"2020-10-08";"2020";"10";"08";22;1030;1030;0;99;0;13;10;814
"2020-10-09";"2020";"10";"09";31;1061;1061;3;102;0;13;8;822
"2020-10-10";"2020";"10";"10";15;1076;1076;0;102;1;14;-1;821
"2020-10-11";"2020";"10";"11";9;1085;1085;0;102;0;14;1;822
"2020-10-12";"2020";"10";"12";17;1102;1102;4;106;0;14;12;834
"2020-10-13";"2020";"10";"13";41;1143;1143;3;109;1;15;6;840
"2020-10-14";"2020";"10";"14";31;1174;1174;0;109;1;16;9;849
"2020-10-15";"2020";"10";"15";65;1239;1239;4;113;0;16;13;862
"2020-10-16";"2020";"10";"16";46;1285;1285;1;114;0;16;12;874
"2020-10-17";"2020";"10";"17";40;1325;1325;0;114;0;16;15;889
"2020-10-18";"2020";"10";"18";18;1343;1343;0;114;0;16;5;894
"2020-10-19";"2020";"10";"19";45;1388;1388;2;116;1;17;23;917
"2020-10-20";"2020";"10";"20";89;1477;1477;7;123;1;18;40;957
"2020-10-21";"2020";"10";"21";73;1550;1550;2;125;0;18;16;973
"2020-10-22";"2020";"10";"22";88;1638;1638;2;127;0;18;22;995
"2020-10-23";"2020";"10";"23";42;1680;1680;7;134;1;19;28;1023
"2020-10-24";"2020";"10";"24";64;1744;1744;1;135;1;20;17;1040
"2020-10-25";"2020";"10";"25";41;1785;1785;0;135;0;20;10;1050
"2020-10-26";"2020";"10";"26";87;1872;1872;8;143;0;20;15;1065
"2020-10-27";"2020";"10";"27";100;1972;1972;7;150;1;21;36;1101
"2020-10-28";"2020";"10";"28";146;2118;2118;9;159;2;23;31;1132
"2020-10-29";"2020";"10";"29";147;2265;2265;9;168;0;23;62;1194
"2020-10-30";"2020";"10";"30";156;2421;2421;13;181;0;23;45;1239
"2020-10-31";"2020";"10";"31";71;2492;2492;0;181;1;24;39;1278
"2020-11-01";"2020";"11";"01";37;2529;2529;1;182;2;26;20;1298
"2020-11-02";"2020";"11";"02";185;2714;2714;6;188;2;28;42;1340
"2020-11-03";"2020";"11";"03";172;2886;2886;4;192;2;30;78;1418
"2020-11-04";"2020";"11";"04";207;3093;3093;6;198;3;33;71;1489
"2020-11-05";"2020";"11";"05";137;3230;3230;6;204;1;34;84;1573
"2020-11-06";"2020";"11";"06";151;3381;3381;11;215;1;35;35;1608
"2020-11-07";"2020";"11";"07";70;3451;3451;2;217;1;36;63;1671
"2020-11-08";"2020";"11";"08";27;3478;3478;1;218;1;37;43;1714
"2020-11-09";"2020";"11";"09";100;3578;3578;10;228;4;41;75;1789
"2020-11-10";"2020";"11";"10";123;3701;3701;10;238;2;43;91;1880
"2020-11-11";"2020";"11";"11";60;3761;3761;7;245;1;44;140;2020
"2020-11-12";"2020";"11";"12";197;3958;3958;11;256;2;46;139;2159
"2020-11-13";"2020";"11";"13";207;4165;4165;12;268;3;49;140;2299
"2020-11-14";"2020";"11";"14";87;4252;4252;2;270;3;52;72;2371
"2020-11-15";"2020";"11";"15";15;4267;4267;0;270;4;56;33;2404
"2020-11-16";"2020";"11";"16";223;4490;4490;15;285;2;58;177;2581
"2020-11-17";"2020";"11";"17";235;4725;4725;15;300;2;60;166;2747
"2020-11-18";"2020";"11";"18";106;4831;4831;4;304;4;64;199;2946
"2020-11-19";"2020";"11";"19";119;4950;4950;13;317;3;67;135;3081
"2020-11-20";"2020";"11";"20";191;5141;5141;13;330;2;69;140;3221
"2020-11-21";"2020";"11";"21";86;5227;5227;3;333;4;73;66;3287
"2020-11-22";"2020";"11";"22";30;5257;5257;2;335;1;74;32;3319
"2020-11-23";"2020";"11";"23";201;5458;5458;23;358;8;82;83;3402
"2020-11-24";"2020";"11";"24";263;5721;5721;12;370;3;85;110;3512
"2020-11-25";"2020";"11";"25";273;5994;5994;14;384;2;87;59;3571
"2020-11-26";"2020";"11";"26";279;6273;6273;13;397;4;91;189;3760
"2020-11-27";"2020";"11";"27";231;6504;6504;10;407;8;99;196;3956
"2020-11-28";"2020";"11";"28";139;6643;6643;4;411;6;105;88;4044
"2020-11-29";"2020";"11";"29";86;6729;6729;5;416;3;108;25;4069
"2020-11-30";"2020";"11";"30";201;6930;6930;39;455;2;110;206;4275
"2020-12-01";"2020";"12";"01";340;7270;7270;24;479;8;118;213;4488
"2020-12-02";"2020";"12";"02";294;7564;7564;31;510;6;124;102;4590
"2020-12-03";"2020";"12";"03";300;7864;7864;24;534;7;131;103;4693
"2020-12-04";"2020";"12";"04";226;8090;8090;25;559;11;142;173;4866
"2020-12-05";"2020";"12";"05";110;8200;8200;13;572;7;149;82;4948
"2020-12-06";"2020";"12";"06";161;8361;8361;10;582;3;152;36;4984
"2020-12-07";"2020";"12";"07";385;8746;8746;19;601;7;159;173;5157
"2020-12-08";"2020";"12";"08";332;9078;9078;37;638;8;167;244;5401
"2020-12-09";"2020";"12";"09";396;9474;9474;25;663;14;181;255;5656
"2020-12-10";"2020";"12";"10";462;9936;9936;32;695;12;193;264;5920
"2020-12-11";"2020";"12";"11";325;10261;10261;17;712;11;204;217;6137
"2020-12-12";"2020";"12";"12";338;10599;10599;14;726;10;214;136;6273
"2020-12-13";"2020";"12";"13";120;10719;10719;7;733;12;226;81;6354
"2020-12-14";"2020";"12";"14";428;11147;11147;27;760;10;236;154;6508
"2020-12-15";"2020";"12";"15";421;11568;11568;40;800;16;252;300;6808
"2020-12-16";"2020";"12";"16";360;11928;11928;35;835;12;264;266;7074
"2020-12-17";"2020";"12";"17";512;12440;12440;32;867;13;277;278;7352
"2020-12-18";"2020";"12";"18";446;12886;12886;26;893;21;298;184;7536
"2020-12-19";"2020";"12";"19";174;13060;13060;8;901;12;310;98;7634
"2020-12-20";"2020";"12";"20";109;13169;13169;5;906;12;322;152;7786
"2020-12-21";"2020";"12";"21";434;13603;13603;46;952;17;339;352;8138
"2020-12-22";"2020";"12";"22";477;14080;14080;29;981;15;354;282;8420
"2020-12-23";"2020";"12";"23";444;14524;14524;39;1020;12;366;382;8802
"2020-12-24";"2020";"12";"24";125;14649;14649;16;1036;12;378;430;9232
"2020-12-25";"2020";"12";"25";43;14692;14692;10;1046;11;389;311;9543
"2020-12-26";"2020";"12";"26";68;14760;14760;10;1056;10;399;327;9870
"2020-12-27";"2020";"12";"27";107;14867;14867;5;1061;23;422;100;9970
"2020-12-28";"2020";"12";"28";365;15232;15232;45;1106;14;436;391;10361
"2020-12-29";"2020";"12";"29";575;15807;15807;36;1142;13;449;373;10734
"2020-12-30";"2020";"12";"30";452;16259;16259;34;1176;21;470;343;11077
"2020-12-31";"2020";"12";"31";108;16367;16367;27;1203;15;485;489;11566
"2021-01-01";"2021";"01";"01";45;16412;16412;8;1211;14;499;437;12003
"2021-01-02";"2021";"01";"02";135;16547;16547;21;1232;15;514;175;12178
"2021-01-03";"2021";"01";"03";38;16585;16585;19;1251;19;533;110;12288
"2021-01-04";"2021";"01";"04";240;16825;16825;27;1278;13;546;388;12676
"2021-01-05";"2021";"01";"05";389;17214;17214;25;1303;16;562;442;13118
"2021-01-06";"2021";"01";"06";344;17558;17558;25;1328;11;573;413;13531
"2021-01-07";"2021";"01";"07";263;17821;17821;24;1352;13;586;133;13664
"2021-01-08";"2021";"01";"08";215;18036;18036;21;1373;9;595;49;13713
"2021-01-09";"2021";"01";"09";82;18118;18118;4;1377;7;602;83;13796
"2021-01-10";"2021";"01";"10";10;18128;18128;11;1388;16;618;103;13899
"2021-01-11";"2021";"01";"11";182;18310;18310;40;1428;18;636;316;14215
"2021-01-12";"2021";"01";"12";269;18579;18579;24;1452;10;646;536;14751
"2021-01-13";"2021";"01";"13";238;18817;18817;17;1469;7;653;438;15189
"2021-01-14";"2021";"01";"14";145;18962;18962;12;1481;8;661;113;15302
"2021-01-15";"2021";"01";"15";144;19106;19106;26;1507;17;678;55;15357
"2021-01-16";"2021";"01";"16";92;19198;19198;2;1509;9;687;137;15494
"2021-01-17";"2021";"01";"17";15;19213;19213;3;1512;3;690;42;15536
"2021-01-18";"2021";"01";"18";152;19365;19365;30;1542;13;703;208;15744
"2021-01-19";"2021";"01";"19";127;19492;19492;14;1556;6;709;363;16107
"2021-01-20";"2021";"01";"20";144;19636;19636;26;1582;4;713;361;16468
"2021-01-21";"2021";"01";"21";138;19774;19774;28;1610;13;726;255;16723
"2021-01-22";"2021";"01";"22";114;19888;19888;18;1628;7;733;226;16949
"2021-01-23";"2021";"01";"23";65;19953;19953;4;1632;12;745;82;17031
"2021-01-24";"2021";"01";"24";13;19966;19966;5;1637;14;759;-5;17026
"2021-01-25";"2021";"01";"25";117;20083;20083;34;1671;7;766;145;17171
"2021-01-26";"2021";"01";"26";155;20238;20238;17;1688;8;774;242;17413
"2021-01-27";"2021";"01";"27";149;20387;20387;18;1706;8;782;258;17671
"2021-01-28";"2021";"01";"28";80;20467;20467;19;1725;10;792;159;17830
"2021-01-29";"2021";"01";"29";70;20537;20537;19;1744;13;805;139;17969
"2021-01-30";"2021";"01";"30";41;20578;20578;14;1758;13;818;104;18073
"2021-01-31";"2021";"01";"31";15;20593;20593;1;1759;10;828;10;18083
"2021-02-01";"2021";"02";"01";75;20668;20668;14;1773;12;840;131;18214
"2021-02-02";"2021";"02";"02";104;20772;20772;9;1782;3;843;129;18343
"2021-02-03";"2021";"02";"03";87;20859;20859;13;1795;7;850;138;18481
"2021-02-04";"2021";"02";"04";76;20935;20935;8;1803;4;854;131;18612
"2021-02-05";"2021";"02";"05";77;21012;21012;17;1820;7;861;114;18726
"2021-02-06";"2021";"02";"06";24;21036;21036;2;1822;4;865;81;18807
"2021-02-07";"2021";"02";"07";11;21047;21047;6;1828;7;872;22;18829
"2021-02-08";"2021";"02";"08";49;21096;21096;13;1841;3;875;84;18913
"2021-02-09";"2021";"02";"09";85;21181;21181;9;1850;3;878;146;19059
"2021-02-10";"2021";"02";"10";48;21229;21229;10;1860;2;880;169;19228
"2021-02-11";"2021";"02";"11";43;21272;21272;7;1867;5;885;80;19308
"2021-02-12";"2021";"02";"12";70;21342;21342;6;1873;7;892;61;19369
"2021-02-13";"2021";"02";"13";20;21362;21362;4;1877;3;895;36;19405
"2021-02-14";"2021";"02";"14";4;21366;21366;3;1880;6;901;34;19439
"2021-02-15";"2021";"02";"15";74;21440;21440;12;1892;2;903;61;19500
"2021-02-16";"2021";"02";"16";77;21517;21517;9;1901;5;908;93;19593
"2021-02-17";"2021";"02";"17";49;21566;21566;5;1906;2;910;102;19695
"2021-02-18";"2021";"02";"18";48;21614;21614;6;1912;4;914;78;19773
"2021-02-19";"2021";"02";"19";69;21683;21683;8;1920;2;916;84;19857
"2021-02-20";"2021";"02";"20";21;21704;21704;1;1921;1;917;49;19906
"2021-02-21";"2021";"02";"21";16;21720;21720;8;1929;1;918;22;19928
"2021-02-22";"2021";"02";"22";62;21782;21782;9;1938;8;926;32;19960
"2021-02-23";"2021";"02";"23";67;21849;21849;8;1946;5;931;76;20036
"2021-02-24";"2021";"02";"24";76;21925;21925;8;1954;2;933;70;20106
"2021-02-25";"2021";"02";"25";68;21993;21993;3;1957;1;934;52;20158
"2021-02-26";"2021";"02";"26";54;22047;22047;4;1961;3;937;79;20237
"2021-02-27";"2021";"02";"27";26;22073;22073;2;1963;0;937;35;20272
"2021-02-28";"2021";"02";"28";14;22087;22087;4;1967;4;941;16;20288
"2021-03-01";"2021";"03";"01";71;22158;22158;9;1976;2;943;74;20362
"2021-03-02";"2021";"03";"02";119;22277;22277;12;1988;3;946;66;20428
"2021-03-03";"2021";"03";"03";64;22341;22341;7;1995;2;948;56;20484
"2021-03-04";"2021";"03";"04";59;22400;22400;4;1999;1;949;50;20534
"2021-03-05";"2021";"03";"05";65;22465;22465;5;2004;1;950;73;20607
"2021-03-06";"2021";"03";"06";25;22490;22490;4;2008;1;951;27;20634
"2021-03-07";"2021";"03";"07";13;22503;22503;2;2010;0;951;25;20659
"2021-03-08";"2021";"03";"08";102;22605;22605;17;2027;0;951;55;20714
"2021-03-09";"2021";"03";"09";99;22704;22704;8;2035;4;955;61;20775
"2021-03-10";"2021";"03";"10";80;22784;22784;13;2048;2;957;79;20854
"2021-03-11";"2021";"03";"11";90;22874;22874;9;2057;1;958;73;20927
"2021-03-12";"2021";"03";"12";87;22961;22961;7;2064;4;962;56;20983
"2021-03-13";"2021";"03";"13";58;23019;23019;5;2069;4;966;27;21010
"2021-03-14";"2021";"03";"14";16;23035;23035;2;2071;1;967;15;21025
"2021-03-15";"2021";"03";"15";102;23137;23137;8;2079;7;974;59;21084
"2021-03-16";"2021";"03";"16";120;23257;23257;5;2084;2;976;108;21192
"2021-03-17";"2021";"03";"17";112;23369;23369;3;2087;3;979;66;21258
"2021-03-18";"2021";"03";"18";105;23474;23474;10;2097;1;980;63;21321
"2021-03-19";"2021";"03";"19";113;23587;23587;12;2109;3;983;62;21383
"2021-03-20";"2021";"03";"20";62;23649;23649;4;2113;1;984;26;21409
"2021-03-21";"2021";"03";"21";23;23672;23672;0;2113;3;987;16;21425
"2021-03-22";"2021";"03";"22";132;23804;23804;16;2129;2;989;84;21509
"2021-03-23";"2021";"03";"23";171;23975;23975;6;2135;2;991;97;21606
"2021-03-24";"2021";"03";"24";110;24085;24085;11;2146;1;992;75;21681
"2021-03-25";"2021";"03";"25";190;24275;24275;5;2151;1;993;88;21769
"2021-03-26";"2021";"03";"26";143;24418;24418;7;2158;0;993;88;21857
"2021-03-27";"2021";"03";"27";67;24485;24485;2;2160;1;994;55;21912
"2021-03-28";"2021";"03";"28";15;24500;24500;0;2160;0;994;18;21930
"2021-03-29";"2021";"03";"29";126;24626;24626;21;2181;1;995;95;22025
"2021-03-30";"2021";"03";"30";221;24847;24847;14;2195;3;998;116;22141
"2021-03-31";"2021";"03";"31";103;24950;24950;6;2201;3;1001;115;22256
"2021-04-01";"2021";"04";"01";141;25091;25091;12;2213;1;1002;106;22362
"2021-04-02";"2021";"04";"02";49;25140;25140;5;2218;5;1007;103;22465
"2021-04-03";"2021";"04";"03";55;25195;25195;4;2222;1;1008;61;22526
"2021-04-04";"2021";"04";"04";15;25210;25210;2;2224;2;1010;26;22552
"2021-04-05";"2021";"04";"05";62;25272;25272;19;2243;6;1016;114;22666
"2021-04-06";"2021";"04";"06";153;25425;25425;13;2256;2;1018;165;22831
"2021-04-07";"2021";"04";"07";241;25666;25666;12;2268;4;1022;112;22943
"2021-04-08";"2021";"04";"08";144;25810;25810;9;2277;4;1026;189;23132
"2021-04-09";"2021";"04";"09";182;25992;25992;12;2289;3;1029;146;23278
"2021-04-10";"2021";"04";"10";37;26029;26029;2;2291;1;1030;73;23351
"2021-04-11";"2021";"04";"11";20;26049;26049;1;2292;2;1032;20;23371
"2021-04-12";"2021";"04";"12";178;26227;26227;9;2301;0;1032;110;23481
"2021-04-13";"2021";"04";"13";201;26428;26428;14;2315;1;1033;208;23689
"2021-04-14";"2021";"04";"14";180;26608;26608;11;2326;2;1035;103;23792
"2021-04-15";"2021";"04";"15";137;26745;26745;9;2335;4;1039;130;23922
"2021-04-16";"2021";"04";"16";82;26827;26827;8;2343;0;1039;47;23969
"2021-04-17";"2021";"04";"17";80;26907;26907;3;2346;1;1040;60;24029
"2021-04-18";"2021";"04";"18";21;26928;26928;2;2348;0;1040;25;24054
"2021-04-19";"2021";"04";"19";138;27066;27066;19;2367;1;1041;46;24100
"2021-04-20";"2021";"04";"20";229;27295;27295;17;2384;2;1043;138;24238
"2021-04-21";"2021";"04";"21";174;27469;27469;4;2388;5;1048;240;24478
"2021-04-22";"2021";"04";"22";149;27618;27618;9;2397;1;1049;140;24618
"2021-04-23";"2021";"04";"23";149;27767;27767;10;2407;0;1049;181;24799
"2021-04-24";"2021";"04";"24";58;27825;27825;2;2409;1;1050;39;24838
"2021-04-25";"2021";"04";"25";24;27849;27849;1;2410;1;1051;25;24863
"2021-04-26";"2021";"04";"26";184;28033;28033;22;2432;1;1052;170;25033
"2021-04-27";"2021";"04";"27";184;28217;28217;8;2440;2;1054;185;25218
"2021-04-28";"2021";"04";"28";153;28370;28370;8;2448;0;1054;190;25408
"2021-04-29";"2021";"04";"29";103;28473;28473;8;2456;3;1057;139;25547
"2021-04-30";"2021";"04";"30";103;28576;28576;11;2467;1;1058;79;25626
"2021-05-01";"2021";"05";"01";72;28648;28648;3;2470;1;1059;88;25714
"2021-05-02";"2021";"05";"02";14;28662;28662;2;2472;2;1061;22;25736
"2021-05-03";"2021";"05";"03";143;28805;28805;17;2489;2;1063;121;25857
"2021-05-04";"2021";"05";"04";173;28978;28978;7;2496;1;1064;213;26070
"2021-05-05";"2021";"05";"05";114;29092;29092;6;2502;3;1067;186;26256
"2021-05-06";"2021";"05";"06";111;29203;29203;6;2508;2;1069;151;26407
"2021-05-07";"2021";"05";"07";94;29297;29297;6;2514;1;1070;150;26557
"2021-05-08";"2021";"05";"08";56;29353;29353;2;2516;2;1072;63;26620
"2021-05-09";"2021";"05";"09";8;29361;29361;3;2519;1;1073;34;26654
"2021-05-10";"2021";"05";"10";111;29472;29472;17;2536;2;1075;162;26816
"2021-05-11";"2021";"05";"11";95;29567;29567;7;2543;1;1076;176;26992
"2021-05-12";"2021";"05";"12";93;29660;29660;5;2548;1;1077;153;27145
"2021-05-13";"2021";"05";"13";54;29714;29714;0;2548;3;1080;106;27251
"2021-05-14";"2021";"05";"14";49;29763;29763;10;2558;3;1083;100;27351
"2021-05-15";"2021";"05";"15";63;29826;29826;0;2558;0;1083;78;27429
"2021-05-16";"2021";"05";"16";5;29831;29831;3;2561;0;1083;20;27449
"2021-05-17";"2021";"05";"17";77;29908;29908;15;2576;1;1084;128;27577
"2021-05-18";"2021";"05";"18";115;30023;30023;5;2581;0;1084;168;27745
"2021-05-19";"2021";"05";"19";80;30103;30103;2;2583;0;1084;127;27872
"2021-05-20";"2021";"05";"20";50;30153;30153;4;2587;0;1084;122;27994
"2021-05-21";"2021";"05";"21";39;30192;30192;8;2595;4;1088;88;28082
"2021-05-22";"2021";"05";"22";23;30215;30215;1;2596;0;1088;63;28145
"2021-05-23";"2021";"05";"23";16;30231;30231;1;2597;2;1090;13;28158
"2021-05-24";"2021";"05";"24";17;30248;30248;2;2599;1;1091;95;28253
"2021-05-25";"2021";"05";"25";44;30292;30292;7;2606;0;1091;89;28342
"2021-05-26";"2021";"05";"26";32;30324;30324;3;2609;2;1093;108;28450
"2021-05-27";"2021";"05";"27";34;30358;30358;4;2613;0;1093;62;28512
"2021-05-28";"2021";"05";"28";25;30383;30383;1;2614;0;1093;47;28559
"2021-05-29";"2021";"05";"29";24;30407;30407;0;2614;0;1093;71;28630
"2021-05-30";"2021";"05";"30";3;30410;30410;0;2614;0;1093;13;28643
"2021-05-31";"2021";"05";"31";27;30437;30437;2;2616;1;1094;64;28707
"2021-06-01";"2021";"06";"01";31;30468;30468;1;2617;2;1096;110;28817
"2021-06-02";"2021";"06";"02";12;30480;30480;4;2621;0;1096;95;28912
"2021-06-03";"2021";"06";"03";15;30495;30495;1;2622;4;1100;49;28961
"2021-06-04";"2021";"06";"04";6;30501;30501;1;2623;1;1101;36;28997
"2021-06-05";"2021";"06";"05";13;30514;30514;0;2623;1;1102;27;29024
"2021-06-06";"2021";"06";"06";0;30514;30514;0;2623;0;1102;21;29045
"2021-06-07";"2021";"06";"07";9;30523;30523;2;2625;2;1104;15;29060
"2021-06-08";"2021";"06";"08";9;30532;30532;1;2626;0;1104;40;29100
"2021-06-09";"2021";"06";"09";5;30537;30537;2;2628;0;1104;46;29146
"2021-06-10";"2021";"06";"10";18;30555;30555;0;2628;1;1105;36;29182
"2021-06-11";"2021";"06";"11";4;30559;30559;1;2629;0;1105;29;29211
"2021-06-12";"2021";"06";"12";3;30562;30562;0;2629;1;1106;23;29234
"2021-06-13";"2021";"06";"13";2;30564;30564;0;2629;0;1106;13;29247
"2021-06-14";"2021";"06";"14";5;30569;30569;0;2629;0;1106;25;29272
"2021-06-15";"2021";"06";"15";7;30576;30576;0;2629;1;1107;32;29304
"2021-06-16";"2021";"06";"16";7;30583;30583;0;2629;0;1107;23;29327
"2021-06-17";"2021";"06";"17";11;30594;30594;3;2632;0;1107;19;29346
"2021-06-18";"2021";"06";"18";4;30598;30598;0;2632;1;1108;6;29352
"2021-06-19";"2021";"06";"19";3;30601;30601;0;2632;0;1108;17;29369
"2021-06-20";"2021";"06";"20";1;30602;30602;0;2632;0;1108;8;29377
"2021-06-21";"2021";"06";"21";5;30607;30607;3;2635;1;1109;7;29384
"2021-06-22";"2021";"06";"22";12;30619;30619;0;2635;0;1109;9;29393
"2021-06-23";"2021";"06";"23";5;30624;30624;0;2635;0;1109;5;29398
"2021-06-24";"2021";"06";"24";8;30632;30632;0;2635;0;1109;25;29423
"2021-06-25";"2021";"06";"25";10;30642;30642;0;2635;0;1109;6;29429
"2021-06-26";"2021";"06";"26";4;30646;30646;0;2635;0;1109;7;29436
"2021-06-27";"2021";"06";"27";1;30647;30647;0;2635;0;1109;3;29439
"2021-06-28";"2021";"06";"28";10;30657;30657;0;2635;0;1109;5;29444
"2021-06-29";"2021";"06";"29";8;30665;30665;0;2635;0;1109;7;29451
"2021-06-30";"2021";"06";"30";2;30667;30667;0;2635;0;1109;9;29460
"2021-07-01";"2021";"07";"01";5;30672;30672;0;2635;0;1109;9;29469
"2021-07-02";"2021";"07";"02";1;30673;30673;1;2636;0;1109;8;29477
"2021-07-03";"2021";"07";"03";1;30674;30674;0;2636;0;1109;4;29481
"2021-07-04";"2021";"07";"04";1;30675;30675;0;2636;0;1109;2;29483
"2021-07-05";"2021";"07";"05";2;30677;30677;1;2637;1;1110;1;29484
"2021-07-06";"2021";"07";"06";8;30685;30685;0;2637;0;1110;12;29496
"2021-07-07";"2021";"07";"07";6;30691;30691;0;2637;0;1110;7;29503
"2021-07-08";"2021";"07";"08";3;30694;30694;0;2637;0;1110;9;29512
"2021-07-09";"2021";"07";"09";2;30696;30696;0;2637;0;1110;12;29524
"2021-07-10";"2021";"07";"10";12;30708;30708;0;2637;0;1110;4;29528
"2021-07-11";"2021";"07";"11";0;30708;30708;0;2637;0;1110;2;29530
"2021-07-12";"2021";"07";"12";6;30714;30714;0;2637;0;1110;10;29540
"2021-07-13";"2021";"07";"13";20;30734;30734;1;2638;0;1110;8;29548
"2021-07-14";"2021";"07";"14";3;30737;30737;0;2638;0;1110;2;29550
"2021-07-15";"2021";"07";"15";7;30744;30744;2;2640;1;1111;4;29554
"2021-07-16";"2021";"07";"16";16;30760;30760;1;2641;0;1111;0;29554
"2021-07-17";"2021";"07";"17";9;30769;30769;0;2641;1;1112;3;29557
"2021-07-18";"2021";"07";"18";2;30771;30771;0;2641;0;1112;1;29558
"2021-07-19";"2021";"07";"19";5;30776;30776;2;2643;0;1112;1;29559
"2021-07-20";"2021";"07";"20";10;30786;30786;0;2643;0;1112;7;29566
"2021-07-21";"2021";"07";"21";10;30796;30796;1;2644;0;1112;9;29575
"2021-07-22";"2021";"07";"22";11;30807;30807;0;2644;1;1113;2;29577
"2021-07-23";"2021";"07";"23";22;30829;30829;2;2646;0;1113;2;29579
"2021-07-24";"2021";"07";"24";5;30834;30834;0;2646;0;1113;12;29591
"2021-07-25";"2021";"07";"25";2;30836;30836;0;2646;0;1113;0;29591
"2021-07-26";"2021";"07";"26";4;30840;30840;2;2648;0;1113;6;29597
"2021-07-27";"2021";"07";"27";20;30860;30860;1;2649;0;1113;19;29616
"2021-07-28";"2021";"07";"28";14;30874;30874;2;2651;0;1113;3;29619
"2021-07-29";"2021";"07";"29";8;30882;30882;0;2651;0;1113;5;29624
"2021-07-30";"2021";"07";"30";8;30890;30890;1;2652;1;1114;14;29638
"2021-07-31";"2021";"07";"31";6;30896;30896;0;2652;0;1114;9;29647
"2021-08-01";"2021";"08";"01";0;30896;30896;0;2652;0;1114;3;29650
"2021-08-02";"2021";"08";"02";10;30906;30906;1;2653;0;1114;3;29653
"2021-08-03";"2021";"08";"03";15;30921;30921;0;2653;0;1114;10;29663
"2021-08-04";"2021";"08";"04";5;30926;30926;0;2653;0;1114;10;29673
"2021-08-05";"2021";"08";"05";17;30943;30943;0;2653;0;1114;12;29685
"2021-08-06";"2021";"08";"06";9;30952;30952;2;2655;0;1114;20;29705
"2021-08-07";"2021";"08";"07";11;30963;30963;1;2656;0;1114;5;29710
"2021-08-08";"2021";"08";"08";1;30964;30964;0;2656;0;1114;2;29712
"2021-08-09";"2021";"08";"09";14;30978;30978;1;2657;0;1114;2;29714
"2021-08-10";"2021";"08";"10";19;30997;30997;0;2657;0;1114;19;29733
"2021-08-11";"2021";"08";"11";19;31016;31016;0;2657;0;1114;12;29745
"2021-08-12";"2021";"08";"12";32;31048;31048;0;2657;0;1114;9;29754
"2021-08-13";"2021";"08";"13";13;31061;31061;2;2659;0;1114;7;29761
"2021-08-14";"2021";"08";"14";27;31088;31088;0;2659;0;1114;8;29769
"2021-08-15";"2021";"08";"15";1;31089;31089;1;2660;0;1114;1;29770
"2021-08-16";"2021";"08";"16";20;31109;31109;2;2662;0;1114;9;29779
"2021-08-17";"2021";"08";"17";32;31141;31141;2;2664;0;1114;15;29794
"2021-08-18";"2021";"08";"18";33;31174;31174;1;2665;0;1114;7;29801
"2021-08-19";"2021";"08";"19";31;31205;31205;1;2666;0;1114;17;29818
"2021-08-20";"2021";"08";"20";25;31230;31230;3;2669;1;1115;7;29825
"2021-08-21";"2021";"08";"21";16;31246;31246;0;2669;0;1115;10;29835
"2021-08-22";"2021";"08";"22";12;31258;31258;0;2669;0;1115;3;29838
"2021-08-23";"2021";"08";"23";20;31278;31278;0;2669;0;1115;13;29851
"2021-08-24";"2021";"08";"24";60;31338;31338;1;2670;0;1115;19;29870
"2021-08-25";"2021";"08";"25";50;31388;31388;2;2672;0;1115;21;29891
"2021-08-26";"2021";"08";"26";35;31423;31423;2;2674;1;1116;32;29923
"2021-08-27";"2021";"08";"27";27;31450;31450;1;2675;0;1116;13;29936
"2021-08-28";"2021";"08";"28";6;31456;31456;0;2675;0;1116;27;29963
"2021-08-29";"2021";"08";"29";8;31464;31464;0;2675;0;1116;1;29964
"2021-08-30";"2021";"08";"30";45;31509;31509;4;2679;0;1116;18;29982
"2021-08-31";"2021";"08";"31";37;31546;31546;1;2680;0;1116;30;30012
"2021-09-01";"2021";"09";"01";40;31586;31586;3;2683;1;1117;32;30044
"2021-09-02";"2021";"09";"02";71;31657;31657;1;2684;0;1117;30;30074
"2021-09-03";"2021";"09";"03";24;31681;31681;3;2687;0;1117;22;30096
"2021-09-04";"2021";"09";"04";39;31720;31720;0;2687;1;1118;15;30111
"2021-09-05";"2021";"09";"05";13;31733;31733;0;2687;0;1118;14;30125
"2021-09-06";"2021";"09";"06";56;31789;31789;1;2688;0;1118;21;30146
"2021-09-07";"2021";"09";"07";84;31873;31873;3;2691;0;1118;59;30205
"2021-09-08";"2021";"09";"08";61;31934;31934;2;2693;1;1119;48;30253
"2021-09-09";"2021";"09";"09";42;31976;31976;0;2693;0;1119;33;30286
"2021-09-10";"2021";"09";"10";43;32019;32019;1;2694;0;1119;26;30312
"2021-09-11";"2021";"09";"11";53;32072;32072;1;2695;0;1119;6;30318
"2021-09-12";"2021";"09";"12";12;32084;32084;1;2696;0;1119;10;30328
"2021-09-13";"2021";"09";"13";60;32144;32144;5;2701;0;1119;41;30369
"2021-09-14";"2021";"09";"14";52;32196;32196;0;2701;0;1119;37;30406
"2021-09-15";"2021";"09";"15";44;32240;32240;2;2703;0;1119;39;30445
"2021-09-16";"2021";"09";"16";54;32294;32294;2;2705;0;1119;72;30517
"2021-09-17";"2021";"09";"17";51;32345;32345;3;2708;0;1119;22;30539
"2021-09-18";"2021";"09";"18";30;32375;32375;0;2708;1;1120;39;30578
"2021-09-19";"2021";"09";"19";16;32391;32391;1;2709;0;1120;16;30594
"2021-09-20";"2021";"09";"20";31;32422;32422;7;2716;0;1120;55;30649
"2021-09-21";"2021";"09";"21";63;32485;32485;1;2717;0;1120;81;30730
"2021-09-22";"2021";"09";"22";63;32548;32548;4;2721;0;1120;59;30789
"2021-09-23";"2021";"09";"23";62;32610;32610;2;2723;0;1120;43;30832
"2021-09-24";"2021";"09";"24";51;32661;32661;2;2725;0;1120;44;30876
"2021-09-25";"2021";"09";"25";32;32693;32693;1;2726;0;1120;54;30930
"2021-09-26";"2021";"09";"26";9;32702;32702;0;2726;0;1120;12;30942
"2021-09-27";"2021";"09";"27";55;32757;32757;2;2728;0;1120;55;30997
"2021-09-28";"2021";"09";"28";84;32841;32841;2;2730;1;1121;51;31048
"2021-09-29";"2021";"09";"29";81;32922;32922;1;2731;0;1121;46;31094
"2021-09-30";"2021";"09";"30";78;33000;33000;3;2734;1;1122;52;31146
"2021-10-01";"2021";"10";"01";77;33077;33077;3;2737;0;1122;51;31197
"2021-10-02";"2021";"10";"02";47;33124;33124;1;2738;0;1122;31;31228
"2021-10-03";"2021";"10";"03";6;33130;33130;0;2738;1;1123;17;31245
"2021-10-04";"2021";"10";"04";59;33189;33189;1;2739;0;1123;24;31269
"2021-10-05";"2021";"10";"05";131;33320;33320;4;2743;0;1123;62;31331
"2021-10-06";"2021";"10";"06";89;33409;33409;6;2749;0;1123;60;31391
"2021-10-07";"2021";"10";"07";84;33493;33493;3;2752;1;1124;62;31453
"2021-10-08";"2021";"10";"08";79;33572;33572;3;2755;0;1124;51;31504
"2021-10-09";"2021";"10";"09";40;33612;33612;2;2757;0;1124;31;31535
"2021-10-10";"2021";"10";"10";13;33625;33625;0;2757;1;1125;9;31544
"2021-10-11";"2021";"10";"11";81;33706;33706;9;2766;2;1127;52;31596
"2021-10-12";"2021";"10";"12";144;33850;33850;1;2767;0;1127;83;31679
"2021-10-13";"2021";"10";"13";121;33971;33971;4;2771;1;1128;84;31763
"2021-10-14";"2021";"10";"14";105;34076;34076;2;2773;0;1128;75;31838
"2021-10-15";"2021";"10";"15";164;34240;34240;5;2778;0;1128;76;31914
"2021-10-16";"2021";"10";"16";20;34260;34260;2;2780;1;1129;47;31961
"2021-10-17";"2021";"10";"17";49;34309;34309;0;2780;3;1132;6;31967
"2021-10-18";"2021";"10";"18";116;34425;34425;14;2794;0;1132;58;32025
"2021-10-19";"2021";"10";"19";297;34722;34722;4;2798;2;1134;126;32151
"2021-10-20";"2021";"10";"20";280;35002;35002;6;2804;0;1134;90;32241
"2021-10-21";"2021";"10";"21";228;35230;35231;4;2808;4;1138;78;32319
"2021-10-22";"2021";"10";"22";331;35561;35562;7;2815;2;1140;78;32397
"2021-10-23";"2021";"10";"23";52;35613;35614;2;2817;4;1144;36;32433
"2021-10-24";"2021";"10";"24";93;35706;35707;3;2820;1;1145;14;32447
"2021-10-25";"2021";"10";"25";216;35922;35922;19;2839;2;1147;71;32518
"2021-10-26";"2021";"10";"26";470;36392;36393;18;2857;4;1151;139;32657
"2021-10-27";"2021";"10";"27";357;36749;36751;16;2873;1;1152;118;32775
"2021-10-28";"2021";"10";"28";313;37062;37064;13;2886;4;1156;101;32876
"2021-10-29";"2021";"10";"29";226;37288;37290;14;2900;1;1157;159;33035
"2021-10-30";"2021";"10";"30";289;37577;37579;5;2905;4;1161;17;33052
"2021-10-31";"2021";"10";"31";96;37673;37675;5;2910;2;1163;50;33102
"2021-11-01";"2021";"11";"01";497;38170;38172;32;2942;4;1167;99;33201
"2021-11-02";"2021";"11";"02";691;38861;38863;16;2958;5;1172;288;33489
"2021-11-03";"2021";"11";"03";562;39423;39425;15;2973;3;1175;272;33761
"2021-11-04";"2021";"11";"04";684;40107;40109;16;2989;2;1177;227;33988
"2021-11-05";"2021";"11";"05";538;40645;40647;16;3005;3;1180;327;34315
"2021-11-06";"2021";"11";"06";260;40905;40907;9;3014;5;1185;48;34363
"2021-11-07";"2021";"11";"07";230;41135;41137;6;3020;3;1188;90;34453
"2021-11-08";"2021";"11";"08";715;41850;41852;32;3052;3;1191;195;34648
"2021-11-09";"2021";"11";"09";1232;43082;43084;16;3068;5;1196;448;35096
"2021-11-10";"2021";"11";"10";970;44052;44054;13;3081;1;1197;350;35446
"2021-11-11";"2021";"11";"11";1034;45086;45088;14;3095;6;1203;295;35741
"2021-11-12";"2021";"11";"12";1105;46191;46193;15;3110;3;1206;213;35954
"2021-11-13";"2021";"11";"13";491;46682;46684;5;3115;4;1210;282;36236
"2021-11-14";"2021";"11";"14";293;46975;46977;6;3121;7;1217;89;36325
"2021-11-15";"2021";"11";"15";1144;48119;48121;25;3146;4;1221;463;36788
"2021-11-16";"2021";"11";"16";1568;49687;49689;25;3171;6;1227;670;37458
"2021-11-17";"2021";"11";"17";935;50622;50624;9;3180;2;1229;560;38018
"2021-11-18";"2021";"11";"18";1105;51727;51729;36;3216;1;1230;672;38690
"2021-11-19";"2021";"11";"19";1480;53207;53209;23;3239;11;1241;520;39210
"2021-11-20";"2021";"11";"20";903;54110;54112;10;3249;9;1250;246;39456
"2021-11-21";"2021";"11";"21";399;54509;54511;15;3264;7;1257;224;39680
"2021-11-22";"2021";"11";"22";1381;55890;55892;37;3301;7;1264;679;40359
"2021-11-23";"2021";"11";"23";1659;57549;57551;38;3339;3;1267;1216;41575
"2021-11-24";"2021";"11";"24";1086;58635;58637;30;3369;9;1276;968;42543
"2021-11-25";"2021";"11";"25";1472;60107;60109;28;3397;9;1285;1034;43577
"2021-11-26";"2021";"11";"26";1194;61301;61303;20;3417;9;1294;1097;44674
"2021-11-27";"2021";"11";"27";767;62068;62070;8;3425;9;1303;491;45165
"2021-11-28";"2021";"11";"28";285;62353;62355;10;3435;11;1314;290;45455
"2021-11-29";"2021";"11";"29";881;63234;63236;35;3470;10;1324;1114;46569
"2021-11-30";"2021";"11";"30";1325;64559;64561;30;3500;5;1329;1544;48113
"2021-12-01";"2021";"12";"01";1116;65675;65677;30;3530;9;1338;951;49064
"2021-12-02";"2021";"12";"02";882;66557;66559;35;3565;6;1344;1079;50143
"2021-12-03";"2021";"12";"03";1001;67558;67560;17;3582;13;1357;1460;51603
"2021-12-04";"2021";"12";"04";535;68093;68095;5;3587;6;1363;905;52508
"2021-12-05";"2021";"12";"05";193;68286;68288;11;3598;5;1368;396;52904
"2021-12-06";"2021";"12";"06";982;69268;69270;44;3642;10;1378;1344;54248
"2021-12-07";"2021";"12";"07";1248;70516;70518;26;3668;5;1383;1623;55871
"2021-12-08";"2021";"12";"08";867;71383;71385;46;3714;4;1387;1083;56954
"2021-12-09";"2021";"12";"09";884;72267;72269;21;3735;7;1394;1454;58408
"2021-12-10";"2021";"12";"10";786;73053;73055;20;3755;8;1402;1180;59588
"2021-12-11";"2021";"12";"11";478;73531;73533;7;3762;2;1404;772;60360
"2021-12-12";"2021";"12";"12";156;73687;73689;5;3767;4;1408;287;60647
"2021-12-13";"2021";"12";"13";861;74548;74550;32;3799;8;1416;844;61491
"2021-12-14";"2021";"12";"14";1051;75599;75601;29;3828;9;1425;1293;62784
"2021-12-15";"2021";"12";"15";687;76286;76288;24;3852;6;1431;1105;63889
"2021-12-16";"2021";"12";"16";761;77047;77049;15;3867;7;1438;865;64754
"2021-12-17";"2021";"12";"17";539;77586;77588;23;3890;9;1447;985;65739
"2021-12-18";"2021";"12";"18";206;77792;77794;12;3902;4;1451;562;66301
"2021-12-19";"2021";"12";"19";178;77970;77972;6;3908;3;1454;202;66503
"2021-12-20";"2021";"12";"20";549;78519;78521;41;3949;3;1457;945;67448
"2021-12-21";"2021";"12";"21";930;79449;79451;30;3979;4;1461;1238;68686
"2021-12-22";"2021";"12";"22";419;79868;79870;23;4002;4;1465;853;69539
"2021-12-23";"2021";"12";"23";399;80267;80269;18;4020;5;1470;897;70436
"2021-12-24";"2021";"12";"24";185;80452;80454;3;4023;2;1472;795;71231
"2021-12-25";"2021";"12";"25";113;80565;80567;6;4029;6;1478;493;71724
"2021-12-26";"2021";"12";"26";124;80689;80691;4;4033;2;1480;170;71894
"2021-12-27";"2021";"12";"27";542;81231;81233;23;4056;6;1486;832;72726
"2021-12-28";"2021";"12";"28";486;81717;81719;22;4078;6;1492;1026;73752
"2021-12-29";"2021";"12";"29";322;82039;82041;12;4090;6;1498;692;74444
"2021-12-30";"2021";"12";"30";413;82452;82454;10;4100;4;1502;772;75216
"2021-12-31";"2021";"12";"31";131;82583;82585;3;4103;4;1506;543;75759
"2022-01-01";"2022";"01";"01";160;82743;82745;4;4107;4;1510;225;75984
"2022-01-02";"2022";"01";"02";61;82804;82806;5;4112;3;1513;186;76170
"2022-01-03";"2022";"01";"03";654;83458;83460;29;4141;5;1518;508;76678
"2022-01-04";"2022";"01";"04";527;83985;83987;17;4158;2;1520;911;77589
"2022-01-05";"2022";"01";"05";339;84324;84326;16;4174;5;1525;437;78026
"2022-01-06";"2022";"01";"06";311;84635;84637;9;4183;2;1527;404;78430
"2022-01-07";"2022";"01";"07";240;84875;84877;6;4189;5;1532;224;78654
"2022-01-08";"2022";"01";"08";145;85020;85022;2;4191;3;1535;125;78779
"2022-01-09";"2022";"01";"09";80;85100;85102;4;4195;3;1538;137;78916
"2022-01-10";"2022";"01";"10";411;85511;85513;21;4216;2;1540;526;79442
"2022-01-11";"2022";"01";"11";356;85867;85869;8;4224;4;1544;465;79907
"2022-01-12";"2022";"01";"12";349;86216;86218;7;4231;0;1544;342;80249
"2022-01-13";"2022";"01";"13";303;86519;86521;8;4239;2;1546;431;80680
"2022-01-14";"2022";"01";"14";370;86889;86891;15;4254;2;1548;150;80830
"2022-01-15";"2022";"01";"15";213;87102;87104;0;4254;3;1551;168;80998
"2022-01-16";"2022";"01";"16";134;87236;87238;3;4257;2;1553;77;81075
"2022-01-17";"2022";"01";"17";702;87938;87940;7;4264;0;1553;637;81712
"2022-01-18";"2022";"01";"18";694;88632;88634;3;4267;1;1554;515;82227
"2022-01-19";"2022";"01";"19";683;89315;89317;2;4269;7;1561;357;82584
"2022-01-20";"2022";"01";"20";621;89936;89938;11;4280;0;1561;332;82916
"2022-01-21";"2022";"01";"21";529;90465;90467;3;4283;1;1562;256;83172
"2022-01-22";"2022";"01";"22";303;90768;90770;2;4285;1;1563;160;83332
"2022-01-23";"2022";"01";"23";199;90967;90969;2;4287;1;1564;78;83410
"2022-01-24";"2022";"01";"24";1169;92136;92138;11;4298;0;1564;397;83807
"2022-01-25";"2022";"01";"25";1317;93453;93455;5;4303;1;1565;351;84158
"2022-01-26";"2022";"01";"26";1144;94597;94599;10;4313;2;1567;362;84520
"2022-01-27";"2022";"01";"27";943;95540;95542;6;4319;0;1567;316;84836
"2022-01-28";"2022";"01";"28";1005;96545;96547;12;4331;2;1569;365;85201
"2022-01-29";"2022";"01";"29";424;96969;96971;1;4332;1;1570;222;85423
"2022-01-30";"2022";"01";"30";243;97212;97214;1;4333;1;1571;133;85556
"2022-01-31";"2022";"01";"31";1501;98713;98715;16;4349;0;1571;699;86255
"2022-02-01";"2022";"02";"01";1663;100376;100378;10;4359;0;1571;696;86951
"2022-02-02";"2022";"02";"02";1346;101722;101724;10;4369;1;1572;709;87660
"2022-02-03";"2022";"02";"03";1242;102964;102966;9;4378;0;1572;627;88287
"2022-02-04";"2022";"02";"04";1104;104068;104070;5;4383;1;1573;540;88827
"2022-02-05";"2022";"02";"05";491;104559;104561;1;4384;0;1573;310;89137
"2022-02-06";"2022";"02";"06";297;104856;104858;0;4384;1;1574;202;89339
"2022-02-07";"2022";"02";"07";1804;106660;106662;18;4402;2;1576;1158;90497
"2022-02-08";"2022";"02";"08";1769;108429;108431;13;4415;2;1578;1314;91811
"2022-02-09";"2022";"02";"09";1618;110047;110049;7;4422;1;1579;1155;92966
"2022-02-10";"2022";"02";"10";1354;111401;111403;13;4435;0;1579;944;93910
"2022-02-11";"2022";"02";"11";960;112361;112363;11;4446;0;1579;1002;94912
"2022-02-12";"2022";"02";"12";873;113234;113236;2;4448;1;1580;430;95342
"2022-02-13";"2022";"02";"13";322;113556;113558;4;4452;1;1581;256;95598
"2022-02-14";"2022";"02";"14";1485;115041;115043;27;4479;1;1582;1483;97081
"2022-02-15";"2022";"02";"15";1251;116292;116294;12;4491;1;1583;1656;98737
"2022-02-16";"2022";"02";"16";954;117246;117248;10;4501;1;1584;1342;100079
"2022-02-17";"2022";"02";"17";1164;118410;118412;11;4512;1;1585;1235;101314
"2022-02-18";"2022";"02";"18";900;119310;119312;9;4521;2;1587;1099;102413
"2022-02-19";"2022";"02";"19";514;119824;119826;1;4522;4;1591;497;102910
"2022-02-20";"2022";"02";"20";436;120260;120262;1;4523;0;1591;300;103210
"2022-02-21";"2022";"02";"21";1480;121740;121742;22;4545;1;1592;1786;104996
"2022-02-22";"2022";"02";"22";1192;122932;122934;15;4560;0;1592;1758;106754
"2022-02-23";"2022";"02";"23";1422;124354;124356;7;4567;2;1594;1620;108374
"2022-02-24";"2022";"02";"24";1201;125555;125557;15;4582;2;1596;1344;109718
"2022-02-25";"2022";"02";"25";799;126354;126356;21;4603;0;1596;959;110677
"2022-02-26";"2022";"02";"26";585;126939;126941;2;4605;1;1597;877;111554
"2022-02-27";"2022";"02";"27";298;127237;127239;2;4607;1;1598;328;111882
"2022-02-28";"2022";"02";"28";1589;128826;128828;22;4629;6;1604;1453;113335
"2022-03-01";"2022";"03";"01";1830;130656;130658;11;4640;1;1605;1239;114574
"2022-03-02";"2022";"03";"02";1364;132020;132022;11;4651;1;1606;959;115533
"2022-03-03";"2022";"03";"03";1205;133225;133227;20;4671;1;1607;1160;116693
"2022-03-04";"2022";"03";"04";982;134207;134209;6;4677;2;1609;899;117592
"2022-03-05";"2022";"03";"05";792;134999;135001;2;4679;0;1609;523;118115
"2022-03-06";"2022";"03";"06";375;135374;135376;1;4680;1;1610;439;118554
"2022-03-07";"2022";"03";"07";2044;137418;137420;26;4706;0;1610;1461;120015
"2022-03-08";"2022";"03";"08";2086;139504;139506;23;4729;2;1612;1175;121190
"2022-03-09";"2022";"03";"09";2097;141601;141603;20;4749;1;1613;1430;122620
"2022-03-10";"2022";"03";"10";1807;143408;143410;17;4766;2;1615;1196;123816
"2022-03-11";"2022";"03";"11";1926;145334;145336;13;4779;0;1615;785;124601
"2022-03-12";"2022";"03";"12";1111;146445;146447;1;4780;1;1616;595;125196
"2022-03-13";"2022";"03";"13";393;146838;146840;1;4781;0;1616;307;125503
"2022-03-14";"2022";"03";"14";2867;149705;149707;30;4811;5;1621;1563;127066
"2022-03-15";"2022";"03";"15";2596;152301;152303;23;4834;2;1623;1821;128887
"2022-03-16";"2022";"03";"16";2802;155103;155105;19;4853;0;1623;1381;130268
"2022-03-17";"2022";"03";"17";2706;157809;157811;26;4879;2;1625;1196;131464
"2022-03-18";"2022";"03";"18";2600;160409;160411;21;4900;0;1625;986;132450
"2022-03-19";"2022";"03";"19";1528;161937;161939;8;4908;1;1626;800;133250
"2022-03-20";"2022";"03";"20";378;162315;162317;7;4915;3;1629;380;133630
"2022-03-21";"2022";"03";"21";3063;165378;165380;38;4953;1;1630;2018;135648
"2022-03-22";"2022";"03";"22";2969;168347;168349;19;4972;3;1633;2061;137709
"2022-03-23";"2022";"03";"23";2136;170483;170485;13;4985;2;1635;2097;139806
"2022-03-24";"2022";"03";"24";2196;172679;172681;28;5013;2;1637;1803;141609
"2022-03-25";"2022";"03";"25";1781;174460;174462;11;5024;5;1642;1915;143524
"2022-03-26";"2022";"03";"26";831;175291;175293;6;5030;4;1646;1121;144645
"2022-03-27";"2022";"03";"27";425;175716;175718;6;5036;3;1649;410;145055
"2022-03-28";"2022";"03";"28";2361;178077;178079;33;5069;0;1649;2838;147893
"2022-03-29";"2022";"03";"29";1971;180048;180050;12;5081;0;1649;2575;150468
"2022-03-30";"2022";"03";"30";2197;182245;182247;17;5098;2;1651;2805;153273
"2022-03-31";"2022";"03";"31";1290;183535;183537;11;5109;6;1657;2685;155958
"2022-04-01";"2022";"04";"01";1010;184545;184547;22;5131;3;1660;2587;158545
"2022-04-02";"2022";"04";"02";588;185133;185135;4;5135;2;1662;1537;160082
"2022-04-03";"2022";"04";"03";216;185349;185351;8;5143;1;1663;376;160458
"2022-04-04";"2022";"04";"04";1810;187159;187161;15;5158;1;1664;3027;163485
"2022-04-05";"2022";"04";"05";1438;188597;188599;6;5164;0;1664;2951;166436
"2022-04-06";"2022";"04";"06";1063;189660;189662;19;5183;2;1666;2146;168582
"2022-04-07";"2022";"04";"07";1064;190724;190726;13;5196;1;1667;2190;170772
"2022-04-08";"2022";"04";"08";886;191610;191612;15;5211;2;1669;1788;172560
"2022-04-09";"2022";"04";"09";447;192057;192059;2;5213;2;1671;840;173400
"2022-04-10";"2022";"04";"10";272;192329;192331;4;5217;1;1672;431;173831
"2022-04-11";"2022";"04";"11";1315;193644;193646;21;5238;0;1672;2329;176160
"2022-04-12";"2022";"04";"12";1261;194905;194907;17;5255;1;1673;1959;178119
"2022-04-13";"2022";"04";"13";748;195653;195655;17;5272;0;1673;2211;180330
"2022-04-14";"2022";"04";"14";783;196436;196438;19;5291;3;1676;1298;181628
"2022-04-15";"2022";"04";"15";230;196666;196668;4;5295;1;1677;1006;182634
"2022-04-16";"2022";"04";"16";259;196925;196927;3;5298;1;1678;609;183243
"2022-04-17";"2022";"04";"17";162;197087;197089;7;5305;2;1680;227;183470
"2022-04-18";"2022";"04";"18";380;197467;197469;4;5309;3;1683;1800;185270
"2022-04-19";"2022";"04";"19";1405;198872;198874;36;5345;1;1684;1438;186708
"2022-04-20";"2022";"04";"20";837;199709;199711;12;5357;3;1687;1079;187787
"2022-04-21";"2022";"04";"21";806;200515;200517;6;5363;1;1688;1069;188856
"2022-04-22";"2022";"04";"22";503;201018;201020;9;5372;1;1689;883;189739
"2022-04-23";"2022";"04";"23";202;201220;201222;6;5378;1;1690;472;190211
"2022-04-24";"2022";"04";"24";240;201460;201462;5;5383;0;1690;279;190490
"2022-04-25";"2022";"04";"25";1108;202568;202570;16;5399;1;1691;1299;191789
"2022-04-26";"2022";"04";"26";606;203174;203176;9;5408;2;1693;1248;193037
"2022-04-27";"2022";"04";"27";571;203745;203747;7;5415;2;1695;763;193800
"2022-04-28";"2022";"04";"28";501;204246;204248;6;5421;2;1697;774;194574
"2022-04-29";"2022";"04";"29";384;204630;204632;12;5433;1;1698;242;194816
"2022-04-30";"2022";"04";"30";159;204789;204791;4;5437;0;1698;267;195083
"2022-05-01";"2022";"05";"01";100;204889;204891;4;5441;1;1699;176;195259
"2022-05-02";"2022";"05";"02";706;205595;205597;15;5456;0;1699;380;195639
"2022-05-03";"2022";"05";"03";581;206176;206178;8;5464;3;1702;1374;197013
"2022-05-04";"2022";"05";"04";332;206508;206510;4;5468;1;1703;839;197852
"2022-05-05";"2022";"05";"05";361;206869;206871;5;5473;0;1703;806;198658
"2022-05-06";"2022";"05";"06";270;207139;207141;3;5476;1;1704;512;199170
"2022-05-07";"2022";"05";"07";121;207260;207262;0;5476;0;1704;209;199379
"2022-05-08";"2022";"05";"08";69;207329;207331;3;5479;1;1705;249;199628
"2022-05-09";"2022";"05";"09";508;207837;207839;10;5489;1;1706;1093;200721
"2022-05-10";"2022";"05";"10";330;208167;208169;11;5500;0;1706;601;201322
"2022-05-11";"2022";"05";"11";280;208447;208449;2;5502;1;1707;584;201906
"2022-05-12";"2022";"05";"12";252;208699;208701;6;5508;2;1709;510;202416
"2022-05-13";"2022";"05";"13";228;208927;208929;6;5514;0;1709;389;202805
"2022-05-14";"2022";"05";"14";128;209055;209057;1;5515;1;1710;173;202978
"2022-05-15";"2022";"05";"15";94;209149;209151;1;5516;2;1712;98;203076
"2022-05-16";"2022";"05";"16";325;209474;209476;13;5529;0;1712;694;203770
"2022-05-17";"2022";"05";"17";291;209765;209767;7;5536;0;1712;581;204351
"2022-05-18";"2022";"05";"18";194;209959;209961;4;5540;1;1713;331;204682
"2022-05-19";"2022";"05";"19";220;210179;210181;3;5543;1;1714;391;205073
"2022-05-20";"2022";"05";"20";178;210357;210359;9;5552;2;1716;277;205350
"2022-05-21";"2022";"05";"21";70;210427;210429;1;5553;0;1716;128;205478
"2022-05-22";"2022";"05";"22";74;210501;210503;0;5553;0;1716;75;205553
"2022-05-23";"2022";"05";"23";262;210763;210765;8;5561;1;1717;503;206056
"2022-05-24";"2022";"05";"24";165;210928;210930;5;5566;0;1717;325;206381
"2022-05-25";"2022";"05";"25";122;211050;211052;5;5571;1;1718;293;206674
"2022-05-26";"2022";"05";"26";67;211117;211119;0;5571;2;1720;253;206927
"2022-05-27";"2022";"05";"27";158;211275;211277;6;5577;0;1720;229;207156
"2022-05-28";"2022";"05";"28";44;211319;211321;1;5578;1;1721;132;207288
"2022-05-29";"2022";"05";"29";42;211361;211363;0;5578;1;1722;104;207392
"2022-05-30";"2022";"05";"30";272;211633;211635;7;5585;1;1723;315;207707
"2022-05-31";"2022";"05";"31";246;211879;211881;2;5587;0;1723;288;207995
"2022-06-01";"2022";"06";"01";174;212053;212055;2;5589;1;1724;205;208200
"2022-06-02";"2022";"06";"02";218;212271;212273;5;5594;2;1726;223;208423
"2022-06-03";"2022";"06";"03";130;212401;212403;2;5596;0;1726;173;208596
"2022-06-04";"2022";"06";"04";145;212546;212548;3;5599;0;1726;74;208670
"2022-06-05";"2022";"06";"05";62;212608;212610;3;5602;0;1726;77;208747
"2022-06-06";"2022";"06";"06";137;212745;212747;2;5604;0;1726;257;209004
"2022-06-07";"2022";"06";"07";407;213152;213154;4;5608;0;1726;163;209167
"2022-06-08";"2022";"06";"08";402;213554;213556;9;5617;0;1726;127;209294
"2022-06-09";"2022";"06";"09";324;213878;213880;4;5621;2;1728;76;209370
"2022-06-10";"2022";"06";"10";311;214189;214191;2;5623;0;1728;154;209524
"2022-06-11";"2022";"06";"11";126;214315;214317;1;5624;0;1728;49;209573
"2022-06-12";"2022";"06";"12";89;214404;214406;1;5625;0;1728;48;209621
"2022-06-13";"2022";"06";"13";531;214935;214937;11;5636;0;1728;266;209887
"2022-06-14";"2022";"06";"14";528;215463;215465;3;5639;0;1728;245;210132
"2022-06-15";"2022";"06";"15";368;215831;215833;3;5642;0;1728;185;210317
"2022-06-16";"2022";"06";"16";453;216284;216286;6;5648;1;1729;219;210536
"2022-06-17";"2022";"06";"17";383;216667;216669;5;5653;0;1729;132;210668
"2022-06-18";"2022";"06";"18";217;216884;216886;0;5653;0;1729;145;210813
"2022-06-19";"2022";"06";"19";169;217053;217055;1;5654;0;1729;68;210881
"2022-06-20";"2022";"06";"20";699;217752;217754;5;5659;0;1729;136;211017
"2022-06-21";"2022";"06";"21";588;218340;218342;3;5662;0;1729;403;211420
"2022-06-22";"2022";"06";"22";561;218901;218903;0;5662;0;1729;401;211821
"2022-06-23";"2022";"06";"23";508;219409;219411;12;5674;0;1729;325;212146
"2022-06-24";"2022";"06";"24";493;219902;219904;4;5678;0;1729;314;212460
"2022-06-25";"2022";"06";"25";222;220124;220126;1;5679;0;1729;125;212585
"2022-06-26";"2022";"06";"26";141;220265;220267;0;5679;0;1729;94;212679
"2022-06-27";"2022";"06";"27";742;221007;221009;16;5695;0;1729;521;213200
"2022-06-28";"2022";"06";"28";788;221795;221797;10;5705;0;1729;525;213725
"2022-06-29";"2022";"06";"29";621;222416;222418;4;5709;0;1729;372;214097
"2022-06-30";"2022";"06";"30";490;222906;222908;14;5723;0;1729;449;214546
"2022-07-01";"2022";"07";"01";478;223384;223386;5;5728;0;1729;380;214926
"2022-07-02";"2022";"07";"02";181;223565;223567;0;5728;0;1729;222;215148
"2022-07-03";"2022";"07";"03";117;223682;223684;2;5730;0;1729;170;215318
"2022-07-04";"2022";"07";"04";621;224303;224305;17;5747;0;1729;697;216015
"2022-07-05";"2022";"07";"05";717;225020;225022;8;5755;0;1729;588;216603
"2022-07-06";"2022";"07";"06";563;225583;225585;7;5762;0;1729;563;217166
"2022-07-07";"2022";"07";"07";462;226045;226047;12;5774;0;1729;500;217666
"2022-07-08";"2022";"07";"08";395;226440;226442;6;5780;0;1729;498;218164
"2022-07-09";"2022";"07";"09";242;226682;226684;0;5780;0;1729;225;218389
"2022-07-10";"2022";"07";"10";130;226812;226814;0;5780;0;1729;143;218532
"2022-07-11";"2022";"07";"11";786;227598;227600;21;5801;0;1729;727;219259
"2022-07-12";"2022";"07";"12";722;228320;228322;31;5832;0;1729;779;220038
"2022-07-13";"2022";"07";"13";567;228887;228889;8;5840;1;1730;627;220665
"2022-07-14";"2022";"07";"14";266;229153;229155;13;5853;1;1731;478;221143
"2022-07-15";"2022";"07";"15";1122;230275;230277;25;5878;1;1732;475;221618
"2022-07-16";"2022";"07";"16";234;230509;230511;2;5880;2;1734;186;221804
"2022-07-17";"2022";"07";"17";189;230698;230700;3;5883;0;1734;120;221924
"2022-07-18";"2022";"07";"18";804;231502;231504;16;5899;0;1734;604;222528
"2022-07-19";"2022";"07";"19";854;232356;232358;16;5915;3;1737;709;223237
"2022-07-20";"2022";"07";"20";691;233047;233049;10;5925;0;1737;561;223798
"2022-07-21";"2022";"07";"21";562;233609;233611;27;5952;0;1737;453;224251
"2022-07-22";"2022";"07";"22";571;234180;234182;16;5968;0;1737;389;224640
"2022-07-23";"2022";"07";"23";245;234425;234427;3;5971;3;1740;251;224891
"2022-07-24";"2022";"07";"24";133;234558;234560;2;5973;0;1740;134;225025
"2022-07-25";"2022";"07";"25";762;235320;235322;20;5993;0;1740;766;225791
"2022-07-26";"2022";"07";"26";675;235995;235997;17;6010;3;1743;688;226479
"2022-07-27";"2022";"07";"27";522;236517;236519;15;6025;3;1746;574;227053
"2022-07-28";"2022";"07";"28";372;236889;236891;9;6034;2;1748;262;227315
"2022-07-29";"2022";"07";"29";430;237319;237321;7;6041;0;1748;1102;228417
"2022-07-30";"2022";"07";"30";119;237438;237440;2;6043;1;1749;245;228662
"2022-07-31";"2022";"07";"31";59;237497;237499;1;6044;0;1749;191;228853
"2022-08-01";"2022";"08";"01";573;238070;238072;28;6072;0;1749;789;229642
"2022-08-02";"2022";"08";"02";553;238623;238625;9;6081;1;1750;839;230481
"2022-08-03";"2022";"08";"03";357;238980;238982;10;6091;2;1752;696;231177
"2022-08-04";"2022";"08";"04";335;239315;239317;20;6111;2;1754;541;231718
"2022-08-05";"2022";"08";"05";310;239625;239627;7;6118;0;1754;562;232280
"2022-08-06";"2022";"08";"06";182;239807;239809;4;6122;1;1755;253;232533
"2022-08-07";"2022";"08";"07";86;239893;239895;1;6123;1;1756;136;232669
"2022-08-08";"2022";"08";"08";463;240356;240358;28;6151;0;1756;742;233411
"2022-08-09";"2022";"08";"09";461;240817;240819;10;6161;1;1757;657;234068
"2022-08-10";"2022";"08";"10";413;241230;241232;12;6173;0;1757;528;234596
"2022-08-11";"2022";"08";"11";306;241536;241538;9;6182;0;1757;396;234992
"2022-08-12";"2022";"08";"12";358;241894;241896;6;6188;1;1758;430;235422
"2022-08-13";"2022";"08";"13";95;241989;241991;4;6192;0;1758;130;235552
"2022-08-14";"2022";"08";"14";78;242067;242069;4;6196;1;1759;82;235634
"2022-08-15";"2022";"08";"15";455;242522;242524;16;6212;0;1759;548;236182
"2022-08-16";"2022";"08";"16";416;242938;242940;5;6217;1;1760;546;236728
"2022-08-17";"2022";"08";"17";274;243212;243214;13;6230;1;1761;362;237090
"2022-08-18";"2022";"08";"18";280;243492;243494;9;6239;1;1762;331;237421
"2022-08-19";"2022";"08";"19";239;243731;243733;4;6243;2;1764;311;237732
"2022-08-20";"2022";"08";"20";88;243819;243821;0;6243;0;1764;206;237938
"2022-08-21";"2022";"08";"21";37;243856;243858;2;6245;2;1766;99;238037
"2022-08-22";"2022";"08";"22";391;244247;244249;11;6256;2;1768;436;238473
"2022-08-23";"2022";"08";"23";313;244560;244562;4;6260;0;1768;452;238925
"2022-08-24";"2022";"08";"24";261;244821;244823;5;6265;1;1769;420;239345
"2022-08-25";"2022";"08";"25";278;245099;245101;2;6267;0;1769;315;239660
"2022-08-26";"2022";"08";"26";252;245351;245353;1;6268;0;1769;367;240027
"2022-08-27";"2022";"08";"27";83;245434;245436;1;6269;2;1771;98;240125
"2022-08-28";"2022";"08";"28";37;245471;245473;1;6270;0;1771;81;240206
"2022-08-29";"2022";"08";"29";353;245824;245826;11;6281;1;1772;440;240646
"2022-08-30";"2022";"08";"30";314;246138;246140;1;6282;0;1772;413;241059
"2022-08-31";"2022";"08";"31";215;246353;246355;3;6285;1;1773;287;241346
"2022-09-01";"2022";"09";"01";248;246601;246603;5;6290;1;1774;279;241625
"2022-09-02";"2022";"09";"02";235;246836;246838;3;6293;2;1776;243;241868
"2022-09-03";"2022";"09";"03";108;246944;246946;4;6297;0;1776;107;241975
"2022-09-04";"2022";"09";"04";48;246992;246994;3;6300;0;1776;42;242017
"2022-09-05";"2022";"09";"05";344;247336;247338;13;6313;0;1776;383;242400
"2022-09-06";"2022";"09";"06";300;247636;247638;11;6324;0;1776;310;242710
"2022-09-07";"2022";"09";"07";263;247899;247901;5;6329;0;1776;284;242994
"2022-09-08";"2022";"09";"08";248;248147;248149;2;6331;0;1776;286;243280
"2022-09-09";"2022";"09";"09";226;248373;248375;7;6338;0;1776;263;243543
"2022-09-10";"2022";"09";"10";97;248470;248472;1;6339;0;1776;91;243634
"2022-09-11";"2022";"09";"11";50;248520;248522;0;6339;0;1776;42;243676
"2022-09-12";"2022";"09";"12";358;248878;248880;10;6349;1;1777;345;244021
"2022-09-13";"2022";"09";"13";388;249266;249268;9;6358;0;1777;317;244338
"2022-09-14";"2022";"09";"14";284;249550;249552;4;6362;0;1777;228;244566
"2022-09-15";"2022";"09";"15";332;249882;249884;6;6368;0;1777;249;244815
"2022-09-16";"2022";"09";"16";253;250135;250137;5;6373;1;1778;244;245059
"2022-09-17";"2022";"09";"17";96;250231;250233;3;6376;0;1778;112;245171
"2022-09-18";"2022";"09";"18";55;250286;250288;3;6379;2;1780;48;245219
"2022-09-19";"2022";"09";"19";382;250668;250670;15;6394;0;1780;330;245549
"2022-09-20";"2022";"09";"20";366;251034;251036;5;6399;1;1781;289;245838
"2022-09-21";"2022";"09";"21";328;251362;251364;8;6407;0;1781;269;246107
"2022-09-22";"2022";"09";"22";285;251647;251649;14;6421;0;1781;250;246357
"2022-09-23";"2022";"09";"23";324;251971;251973;10;6431;2;1783;222;246579
"2022-09-24";"2022";"09";"24";143;252114;252116;2;6433;2;1785;96;246675
"2022-09-25";"2022";"09";"25";63;252177;252179;2;6435;0;1785;51;246726
"2022-09-26";"2022";"09";"26";539;252716;252718;19;6454;0;1785;349;247075
"2022-09-27";"2022";"09";"27";588;253304;253306;10;6464;0;1785;381;247456
"2022-09-28";"2022";"09";"28";523;253827;253829;11;6475;0;1785;291;247747
"2022-09-29";"2022";"09";"29";449;254276;254278;18;6493;0;1785;329;248076
"2022-09-30";"2022";"09";"30";478;254754;254756;14;6507;0;1785;250;248326
"2022-10-01";"2022";"10";"01";133;254887;254889;4;6511;0;1785;99;248425
"2022-10-02";"2022";"10";"02";126;255013;255015;1;6512;0;1785;55;248480
"2022-10-03";"2022";"10";"03";175;255188;255190;2;6514;0;1785;372;248852
"2022-10-04";"2022";"10";"04";859;256047;256049;30;6544;4;1789;362;249214
"2022-10-05";"2022";"10";"05";920;256967;256969;13;6557;0;1789;334;249548
"2022-10-06";"2022";"10";"06";638;257605;257607;18;6575;1;1790;281;249829
"2022-10-07";"2022";"10";"07";668;258273;258275;15;6590;2;1792;318;250147
"2022-10-08";"2022";"10";"08";237;258510;258512;4;6594;2;1794;142;250289
"2022-10-09";"2022";"10";"09";147;258657;258659;5;6599;0;1794;68;250357
"2022-10-10";"2022";"10";"10";866;259523;259525;36;6635;1;1795;521;250878
"2022-10-11";"2022";"10";"11";809;260332;260334;28;6663;2;1797;577;251455
"2022-10-12";"2022";"10";"12";617;260949;260951;27;6690;1;1798;521;251976
"2022-10-13";"2022";"10";"13";547;261496;261498;11;6701;0;1798;441;252417
"2022-10-14";"2022";"10";"14";527;262023;262025;18;6719;1;1799;466;252883
"2022-10-15";"2022";"10";"15";256;262279;262281;1;6720;0;1799;133;253016
"2022-10-16";"2022";"10";"16";127;262406;262408;3;6723;2;1801;129;253145
"2022-10-17";"2022";"10";"17";662;263068;263070;25;6748;2;1803;173;253318
"2022-10-18";"2022";"10";"18";721;263789;263791;16;6764;1;1804;829;254147
"2022-10-19";"2022";"10";"19";453;264242;264244;16;6780;1;1805;920;255067
"2022-10-20";"2022";"10";"20";414;264656;264658;16;6796;0;1805;625;255692
"2022-10-21";"2022";"10";"21";412;265068;265070;16;6812;1;1806;661;256353
"2022-10-22";"2022";"10";"22";194;265262;265264;0;6812;1;1807;246;256599
"2022-10-23";"2022";"10";"23";95;265357;265359;1;6813;1;1808;151;256750
"2022-10-24";"2022";"10";"24";507;265864;265866;22;6835;0;1808;832;257582
"2022-10-25";"2022";"10";"25";540;266404;266406;18;6853;1;1809;783;258365
"2022-10-26";"2022";"10";"26";370;266774;266776;9;6862;1;1810;607;258972
"2022-10-27";"2022";"10";"27";295;267069;267071;7;6869;4;1814;544;259516
"2022-10-28";"2022";"10";"28";217;267286;267288;8;6877;1;1815;520;260036
"2022-10-29";"2022";"10";"29";110;267396;267398;1;6878;0;1815;272;260308
"2022-10-30";"2022";"10";"30";77;267473;267475;0;6878;2;1817;136;260444
"2022-10-31";"2022";"10";"31";121;267594;267596;3;6881;2;1819;639;261083
"2022-11-01";"2022";"11";"01";421;268015;268017;24;6905;0;1819;707;261790
"2022-11-02";"2022";"11";"02";342;268357;268359;18;6923;0;1819;440;262230
"2022-11-03";"2022";"11";"03";314;268671;268673;13;6936;0;1819;430;262660
"2022-11-04";"2022";"11";"04";205;268876;268878;8;6944;1;1820;408;263068
"2022-11-05";"2022";"11";"05";53;268929;268931;1;6945;1;1821;212;263280
"2022-11-06";"2022";"11";"06";43;268972;268974;2;6947;0;1821;109;263389
"2022-11-07";"2022";"11";"07";308;269280;269282;14;6961;2;1823;487;263876
"2022-11-08";"2022";"11";"08";211;269491;269493;8;6969;1;1824;526;264402
"2022-11-09";"2022";"11";"09";147;269638;269640;6;6975;0;1824;397;264799
"2022-11-10";"2022";"11";"10";133;269771;269773;7;6982;0;1824;316;265115
"2022-11-11";"2022";"11";"11";153;269924;269926;10;6992;2;1826;234;265349
"2022-11-12";"2022";"11";"12";56;269980;269982;0;6992;0;1826;120;265469
"2022-11-13";"2022";"11";"13";34;270014;270016;0;6992;0;1826;92;265561
"2022-11-14";"2022";"11";"14";259;270273;270275;16;7008;2;1828;117;265678
"2022-11-15";"2022";"11";"15";225;270498;270500;12;7020;0;1828;400;266078
"2022-11-16";"2022";"11";"16";66;270564;270566;0;7020;1;1829;348;266426
"2022-11-17";"2022";"11";"17";199;270763;270765;7;7027;1;1830;316;266742
"2022-11-18";"2022";"11";"18";223;270986;270988;9;7036;1;1831;212;266954
"2022-11-19";"2022";"11";"19";77;271063;271065;0;7036;4;1835;67;267021
"2022-11-20";"2022";"11";"20";31;271094;271096;1;7037;0;1835;57;267078
"2022-11-21";"2022";"11";"21";278;271372;271374;19;7056;2;1837;292;267370
"2022-11-22";"2022";"11";"22";212;271584;271586;12;7068;0;1837;204;267574
"2022-11-23";"2022";"11";"23";239;271823;271825;7;7075;0;1837;163;267737
"2022-11-24";"2022";"11";"24";158;271981;271983;2;7077;1;1838;144;267881
"2022-11-25";"2022";"11";"25";176;272157;272159;11;7088;0;1838;152;268033
"2022-11-26";"2022";"11";"26";39;272196;272198;1;7089;1;1839;63;268096
"2022-11-27";"2022";"11";"27";39;272235;272237;1;7090;0;1839;42;268138
"2022-11-28";"2022";"11";"28";337;272572;272574;14;7104;0;1839;245;268383
"2022-11-29";"2022";"11";"29";327;272899;272901;11;7115;2;1841;212;268595
"2022-11-30";"2022";"11";"30";217;273116;273118;5;7120;0;1841;69;268664
"2022-12-01";"2022";"12";"01";209;273325;273327;13;7133;0;1841;216;268880
"2022-12-02";"2022";"12";"02";205;273530;273532;17;7150;5;1846;232;269112
"2022-12-03";"2022";"12";"03";89;273619;273621;0;7150;1;1847;90;269202
"2022-12-04";"2022";"12";"04";28;273647;273649;2;7152;3;1850;36;269238
"2022-12-05";"2022";"12";"05";294;273941;273943;13;7165;1;1851;259;269497
"2022-12-06";"2022";"12";"06";284;274225;274227;4;7169;0;1851;202;269699
"2022-12-07";"2022";"12";"07";232;274457;274459;14;7183;2;1853;247;269946
"2022-12-08";"2022";"12";"08";213;274670;274672;8;7191;1;1854;165;270111
"2022-12-09";"2022";"12";"09";248;274918;274920;13;7204;1;1855;171;270282
"2022-12-10";"2022";"12";"10";69;274987;274989;1;7205;0;1855;45;270327
"2022-12-11";"2022";"12";"11";19;275006;275008;1;7206;1;1856;48;270375
"2022-12-12";"2022";"12";"12";203;275209;275211;32;7238;0;1856;323;270698
"2022-12-13";"2022";"12";"13";326;275535;275537;12;7250;1;1857;315;271013
"2022-12-14";"2022";"12";"14";196;275731;275733;18;7268;3;1860;229;271242
"2022-12-15";"2022";"12";"15";217;275948;275950;5;7273;0;1860;208;271450
"2022-12-16";"2022";"12";"16";174;276122;276124;8;7281;3;1863;189;271639
"2022-12-17";"2022";"12";"17";70;276192;276194;1;7282;0;1863;96;271735
"2022-12-18";"2022";"12";"18";22;276214;276216;0;7282;0;1863;35;271770
"2022-12-19";"2022";"12";"19";260;276474;276476;21;7303;0;1863;280;272050
"2022-12-20";"2022";"12";"20";234;276708;276710;10;7313;0;1863;281;272331
"2022-12-21";"2022";"12";"21";220;276928;276930;14;7327;1;1864;230;272561
"2022-12-22";"2022";"12";"22";159;277087;277089;9;7336;2;1866;205;272766
"2022-12-23";"2022";"12";"23";157;277244;277246;20;7356;3;1869;237;273003
"2022-12-24";"2022";"12";"24";55;277299;277301;0;7356;2;1871;68;273071
"2022-12-25";"2022";"12";"25";25;277324;277326;3;7359;0;1871;29;273100
"2022-12-26";"2022";"12";"26";27;277351;277353;1;7360;1;1872;170;273270
"2022-12-27";"2022";"12";"27";189;277540;277542;17;7377;1;1873;313;273583
"2022-12-28";"2022";"12";"28";161;277701;277703;21;7398;1;1874;191;273774
"2022-12-29";"2022";"12";"29";111;277812;277814;5;7403;1;1875;212;273986
"2022-12-30";"2022";"12";"30";110;277922;277924;11;7414;4;1879;172;274158
"2022-12-31";"2022";"12";"31";48;277970;277972;2;7416;0;1879;80;274238
"2023-01-01";"2023";"01";"01";21;277991;277993;0;7416;0;1879;40;274278
"2023-01-02";"2023";"01";"02";156;278147;278149;16;7432;2;1881;253;274531
"2023-01-03";"2023";"01";"03";139;278286;278288;8;7440;2;1883;215;274746
"2023-01-04";"2023";"01";"04";121;278407;278409;10;7450;1;1884;263;275009
"2023-01-05";"2023";"01";"05";71;278478;278480;7;7457;1;1885;159;275168
"2023-01-06";"2023";"01";"06";89;278567;278569;12;7469;0;1885;139;275307
"2023-01-07";"2023";"01";"07";33;278600;278602;0;7469;2;1887;70;275377
"2023-01-08";"2023";"01";"08";12;278612;278614;0;7469;1;1888;29;275406
"2023-01-09";"2023";"01";"09";81;278693;278695;8;7477;0;1888;26;275432
"2023-01-10";"2023";"01";"10";82;278775;278777;8;7485;1;1889;173;275605
"2023-01-11";"2023";"01";"11";55;278830;278832;12;7497;0;1889;173;275778
"2023-01-12";"2023";"01";"12";49;278879;278881;6;7503;0;1889;117;275895
"2023-01-13";"2023";"01";"13";41;278920;278922;10;7513;0;1889;113;276008
"2023-01-14";"2023";"01";"14";18;278938;278940;0;7513;0;1889;52;276060
"2023-01-15";"2023";"01";"15";11;278949;278951;0;7513;0;1889;29;276089
"2023-01-16";"2023";"01";"16";59;279008;279010;6;7519;0;1889;147;276236
"2023-01-17";"2023";"01";"17";68;279076;279078;0;7519;0;1889;132;276368
"2023-01-18";"2023";"01";"18";53;279129;279131;10;7529;0;1889;126;276494
"2023-01-19";"2023";"01";"19";60;279189;279191;5;7534;0;1889;75;276569
"2023-01-20";"2023";"01";"20";45;279234;279236;2;7536;1;1890;89;276658
"2023-01-21";"2023";"01";"21";20;279254;279256;0;7536;0;1890;34;276692
"2023-01-22";"2023";"01";"22";9;279263;279265;0;7536;0;1890;33;276725
"2023-01-23";"2023";"01";"23";73;279336;279338;8;7544;0;1890;73;276798
"2023-01-24";"2023";"01";"24";63;279399;279401;11;7555;0;1890;78;276876
"2023-01-25";"2023";"01";"25";69;279468;279470;0;7555;0;1890;43;276919
"2023-01-26";"2023";"01";"26";53;279521;279523;5;7560;0;1890;60;276979
"2023-01-27";"2023";"01";"27";53;279574;279576;4;7564;0;1890;50;277029
"2023-01-28";"2023";"01";"28";33;279607;279609;1;7565;0;1890;23;277052
"2023-01-29";"2023";"01";"29";9;279616;279618;0;7565;0;1890;20;277072
"2023-01-30";"2023";"01";"30";67;279683;279685;11;7576;1;1891;55;277127
"2023-01-31";"2023";"01";"31";90;279773;279775;3;7579;1;1892;68;277195
"2023-02-01";"2023";"02";"01";45;279818;279820;3;7582;0;1892;59;277254
"2023-02-02";"2023";"02";"02";57;279875;279877;1;7583;0;1892;62;277316
"2023-02-03";"2023";"02";"03";36;279911;279913;4;7587;0;1892;53;277369
"2023-02-04";"2023";"02";"04";21;279932;279934;0;7587;1;1893;27;277396
"2023-02-05";"2023";"02";"05";11;279943;279945;1;7588;1;1894;21;277417
"2023-02-06";"2023";"02";"06";67;280010;280012;6;7594;0;1894;66;277483
"2023-02-07";"2023";"02";"07";45;280055;280057;0;7594;0;1894;52;277535
"2023-02-08";"2023";"02";"08";63;280118;280120;3;7597;0;1894;0;277535
"2023-02-09";"2023";"02";"09";45;280163;280165;0;7597;0;1894;0;277535
"2023-02-10";"2023";"02";"10";48;280211;280213;6;7603;1;1895;0;277535
"2023-02-11";"2023";"02";"11";13;280224;280226;0;7603;0;1895;0;277535
"2023-02-12";"2023";"02";"12";8;280232;280234;0;7603;0;1895;0;277535
"2023-02-13";"2023";"02";"13";61;280293;280295;10;7613;0;1895;0;277535
"2023-02-14";"2023";"02";"14";76;280369;280371;6;7619;0;1895;391;277926
"2023-02-15";"2023";"02";"15";58;280427;280429;5;7624;0;1895;49;277975
"2023-02-16";"2023";"02";"16";64;280491;280493;9;7633;0;1895;56;278031
"2023-02-17";"2023";"02";"17";55;280546;280548;2;7635;1;1896;43;278074
"2023-02-18";"2023";"02";"18";22;280568;280570;0;7635;0;1896;26;278100
"2023-02-19";"2023";"02";"19";10;280578;280580;0;7635;1;1897;12;278112
"2023-02-20";"2023";"02";"20";66;280644;280646;23;7658;0;1897;61;278173
"2023-02-21";"2023";"02";"21";78;280722;280724;8;7666;0;1897;45;278218
"2023-02-22";"2023";"02";"22";43;280765;280767;9;7675;0;1897;65;278283
"2023-02-23";"2023";"02";"23";62;280827;280829;8;7683;0;1897;55;278338
"2023-02-24";"2023";"02";"24";46;280873;280875;6;7689;0;1897;42;278380
"2023-02-25";"2023";"02";"25";12;280885;280887;0;7689;2;1899;18;278398
"2023-02-26";"2023";"02";"26";13;280898;280900;0;7689;1;1900;12;278410
"2023-02-27";"2023";"02";"27";45;280943;280945;11;7700;0;1900;52;278462
"2023-02-28";"2023";"02";"28";80;281023;281025;1;7701;0;1900;70;278532
"2023-03-01";"2023";"03";"01";24;281047;281049;5;7706;1;1901;59;278591
"2023-03-02";"2023";"03";"02";32;281079;281081;4;7710;0;1901;58;278649
"2023-03-03";"2023";"03";"03";36;281115;281117;6;7716;0;1901;56;278705
"2023-03-04";"2023";"03";"04";8;281123;281125;0;7716;0;1901;23;278728
"2023-03-05";"2023";"03";"05";12;281135;281137;0;7716;3;1904;14;278742
"2023-03-06";"2023";"03";"06";41;281176;281178;16;7732;1;1905;43;278785
"2023-03-07";"2023";"03";"07";44;281220;281222;5;7737;0;1905;72;278857
"2023-03-08";"2023";"03";"08";34;281254;281256;6;7743;2;1907;37;278894
"2023-03-09";"2023";"03";"09";33;281287;281289;2;7745;2;1909;54;278948
"2023-03-10";"2023";"03";"10";41;281328;281330;7;7752;0;1909;43;278991
"2023-03-11";"2023";"03";"11";16;281344;281346;0;7752;0;1909;12;279003
"2023-03-12";"2023";"03";"12";14;281358;281360;0;7752;0;1909;19;279022
"2023-03-13";"2023";"03";"13";47;281405;281407;10;7762;2;1911;34;279056
"2023-03-14";"2023";"03";"14";64;281469;281471;3;7765;1;1912;0;279056
"2023-03-15";"2023";"03";"15";37;281506;281508;11;7776;0;1912;29;279085
"2023-03-16";"2023";"03";"16";49;281555;281557;5;7781;0;1912;33;279118
"2023-03-17";"2023";"03";"17";25;281580;281582;6;7787;0;1912;35;279153
"2023-03-18";"2023";"03";"18";25;281605;281607;0;7787;0;1912;17;279170
"2023-03-19";"2023";"03";"19";14;281619;281621;0;7787;1;1913;14;279184
"2023-03-20";"2023";"03";"20";34;281653;281655;5;7792;0;1913;25;279209
"2023-03-21";"2023";"03";"21";66;281719;281721;6;7798;0;1913;40;279249
"2023-03-22";"2023";"03";"22";47;281766;281768;3;7801;0;1913;49;279298
"2023-03-23";"2023";"03";"23";24;281790;281792;7;7808;2;1915;38;279336
"2023-03-24";"2023";"03";"24";45;281835;281837;1;7809;2;1917;43;279379
"2023-03-25";"2023";"03";"25";14;281849;281851;0;7809;0;1917;24;279403
"2023-03-26";"2023";"03";"26";9;281858;281860;0;7809;0;1917;20;279423
"2023-03-27";"2023";"03";"27";24;281882;281884;4;7813;2;1919;37;279460
"2023-03-28";"2023";"03";"28";46;281928;281930;6;7819;1;1920;62;279522
"2023-03-29";"2023";"03";"29";21;281949;281951;4;7823;1;1921;36;279558
"2023-03-30";"2023";"03";"30";19;281968;281970;2;7825;1;1922;45;279603
"2023-03-31";"2023";"03";"31";20;281988;281990;2;7827;0;1922;24;279627
"2023-04-01";"2023";"04";"01";4;281992;281994;0;7827;0;1922;30;279657
"2023-04-02";"2023";"04";"02";5;281997;281999;0;7827;0;1922;20;279677
"2023-04-03";"2023";"04";"03";6;282003;282005;8;7835;1;1923;29;279706
"2023-04-04";"2023";"04";"04";25;282028;282030;3;7838;0;1923;60;279766
"2023-04-05";"2023";"04";"05";24;282052;282054;6;7844;1;1924;57;279823
"2023-04-06";"2023";"04";"06";22;282074;282076;6;7850;1;1925;22;279845
"2023-04-07";"2023";"04";"07";8;282082;282084;0;7850;0;1925;50;279895
"2023-04-08";"2023";"04";"08";5;282087;282089;0;7850;0;1925;16;279911
"2023-04-09";"2023";"04";"09";1;282088;282090;0;7850;0;1925;16;279927
"2023-04-10";"2023";"04";"10";4;282092;282094;0;7850;0;1925;20;279947
"2023-04-11";"2023";"04";"11";11;282103;282105;10;7860;0;1925;39;279986
"2023-04-12";"2023";"04";"12";14;282117;282119;7;7867;0;1925;24;280010
"2023-04-13";"2023";"04";"13";12;282129;282131;2;7869;0;1925;20;280030
"2023-04-14";"2023";"04";"14";11;282140;282142;4;7873;0;1925;30;280060
"2023-04-15";"2023";"04";"15";10;282150;282152;0;7873;0;1925;9;280069
"2023-04-16";"2023";"04";"16";3;282153;282155;0;7873;0;1925;11;280080
"2023-04-17";"2023";"04";"17";12;282165;282167;4;7877;0;1925;-2;280078
"2023-04-18";"2023";"04";"18";18;282183;282185;5;7882;0;1925;22;280100
"2023-04-19";"2023";"04";"19";20;282203;282205;1;7883;0;1925;16;280116
"2023-04-20";"2023";"04";"20";19;282222;282224;3;7886;0;1925;22;280138
"2023-04-21";"2023";"04";"21";15;282237;282239;0;7886;0;1925;11;280149
"2023-04-22";"2023";"04";"22";8;282245;282247;0;7886;0;1925;12;280161
"2023-04-23";"2023";"04";"23";11;282256;282258;0;7886;0;1925;2;280163
"2023-04-24";"2023";"04";"24";6;282262;282264;1;7887;0;1925;4;280167
"2023-04-25";"2023";"04";"25";20;282282;282284;3;7890;0;1925;1;280168
"2023-04-26";"2023";"04";"26";15;282297;282299;4;7894;0;1925;11;280179
"2023-04-27";"2023";"04";"27";7;282304;282306;1;7895;0;1925;16;280195
"2023-04-28";"2023";"04";"28";8;282312;282314;0;7895;0;1925;11;280206
"2023-04-29";"2023";"04";"29";7;282319;282321;0;7895;0;1925;11;280217
"2023-04-30";"2023";"04";"30";2;282321;282323;0;7895;0;1925;5;280222
"2023-05-01";"2023";"05";"01";3;282324;282326;0;7895;0;1925;7;280229
"2023-05-02";"2023";"05";"02";9;282333;282335;1;7896;0;1925;13;280242
"2023-05-03";"2023";"05";"03";15;282348;282350;3;7899;0;1925;29;280271
"2023-05-04";"2023";"05";"04";8;282356;282358;2;7901;0;1925;19;280290
"2023-05-05";"2023";"05";"05";12;282368;282370;1;7902;0;1925;21;280311
"2023-05-06";"2023";"05";"06";2;282370;282372;0;7902;0;1925;14;280325
"2023-05-07";"2023";"05";"07";4;282374;282376;0;7902;0;1925;11;280336
"2023-05-08";"2023";"05";"08";5;282379;282381;2;7904;0;1925;5;280341
"2023-05-09";"2023";"05";"09";12;282391;282393;0;7904;0;1925;17;280358
"2023-05-10";"2023";"05";"10";6;282397;282399;1;7905;0;1925;11;280369
"2023-05-11";"2023";"05";"11";12;282409;282411;1;7906;0;1925;16;280385
"2023-05-12";"2023";"05";"12";4;282413;282415;1;7907;0;1925;15;280400
"2023-05-13";"2023";"05";"13";2;282415;282417;0;7907;0;1925;9;280409
"2023-05-14";"2023";"05";"14";3;282418;282420;0;7907;0;1925;6;280415
"2023-05-15";"2023";"05";"15";6;282424;282426;1;7908;0;1925;3;280418
"2023-05-16";"2023";"05";"16";3;282427;282429;3;7911;0;1925;9;280427
"2023-05-17";"2023";"05";"17";5;282432;282432;1;7912;0;1925;16;280443
"2023-05-18";"2023";"05";"18";0;282432;282432;0;7912;0;1925;11;280454
"2023-05-19";"2023";"05";"19";3;282435;282435;0;7912;0;1925;12;280466
"2023-05-20";"2023";"05";"20";0;282435;282435;0;7912;0;1925;5;280471
"2023-05-21";"2023";"05";"21";4;282439;282439;0;7912;0;1925;4;280475
"2023-05-22";"2023";"05";"22";3;282442;282442;0;7912;0;1925;3;280478
"2023-05-23";"2023";"05";"23";0;282442;282442;0;7912;0;1925;63;280541
